
    OUTPUT FILES FOR THE Sun  

 Solar Constant= 1.000   F_CH4= 1.5685E-06  F_CO2= 3.8400E-04  F_O2= 2.0716E-01  F_N2= 7.5732E-01  F_H2= 6.8314E-07  F_AR= 9.8648E-03  IO3 =  1   IUP=  1
 ICONSERV= 0  FAC= 4.0  ND=101  SRFALB= 0.240  G= 980.7  IMW= 2  INVERSE= 0

 FNO2 = 2.948E-71

 NST=     1 JCONV= 77 CHG=1.20E-02 dt0=5.00E+03 DIVF(1)= 2.13E-02 DIVFrms= 1.43E-02 DT(ND)= 6.13E-01 T(ND)=2.8861E+02

 TIME= 5.000E+03  TIME IN DAYS = 5.787E-02

 PLANETARY ALBEDO:  ALBP = 0.2152

  J     P         ALT         T        CONVEC       DT          TOLD        FH20       FSAVE        FO3        TCOOL       THEAT
  1 7.6980E-06 7.2644E+01 2.0113E+02  0.00E+00   1.1262E+00  2.0000E+02  4.1348E-06  4.0000E-06  2.7496E-07 -8.3194E+01  1.0266E+02
  2 9.3030E-06 7.1504E+01 1.9861E+02  0.00E+00  -2.1365E+00  2.0000E+02  4.2881E-06  4.0000E-06  3.2744E-07 -6.7760E+01  3.0840E+01
  3 1.1227E-05 7.0383E+01 1.9777E+02  0.00E+00  -2.4048E+00  2.0000E+02  4.4239E-06  4.0000E-06  3.7770E-07 -5.3343E+01  1.1788E+01
  4 1.3528E-05 6.9273E+01 1.9806E+02  0.00E+00  -1.9683E+00  2.0000E+02  4.5571E-06  4.0000E-06  4.2379E-07 -4.0397E+01  6.3852E+00
  5 1.6279E-05 6.8169E+01 1.9858E+02  0.00E+00  -1.4085E+00  2.0000E+02  4.6684E-06  4.0000E-06  4.6763E-07 -2.9467E+01  5.1274E+00
  6 1.9560E-05 6.7072E+01 1.9906E+02  0.00E+00  -9.0847E-01  2.0000E+02  4.7788E-06  4.0000E-06  5.1457E-07 -2.0712E+01  5.0137E+00
  7 2.3469E-05 6.5981E+01 1.9945E+02  0.00E+00  -5.2312E-01  2.0000E+02  4.8806E-06  4.0000E-06  5.6531E-07 -1.4218E+01  5.1789E+00
  8 2.8119E-05 6.4897E+01 1.9973E+02  0.00E+00  -2.4856E-01  2.0000E+02  4.9769E-06  4.0000E-06  6.2331E-07 -9.7143E+00  5.4191E+00
  9 3.3642E-05 6.3821E+01 1.9992E+02  0.00E+00  -6.6429E-02  2.0000E+02  5.0628E-06  4.0000E-06  6.8791E-07 -6.8445E+00  5.6966E+00
 10 4.0192E-05 6.2753E+01 2.0004E+02  0.00E+00   4.9147E-02  2.0000E+02  5.1369E-06  4.0000E-06  7.5910E-07 -5.1588E+00  6.0081E+00
 11 4.7948E-05 6.1693E+01 2.0012E+02  0.00E+00   1.2232E-01  2.0000E+02  5.2104E-06  4.0000E-06  8.3834E-07 -4.2407E+00  6.3544E+00
 12 5.7118E-05 6.0642E+01 2.0017E+02  0.00E+00   1.7147E-01  2.0000E+02  5.2734E-06  4.0000E-06  9.2443E-07 -3.7694E+00  6.7324E+00
 13 6.7945E-05 5.9600E+01 2.0021E+02  0.00E+00   2.0917E-01  2.0000E+02  5.3359E-06  4.0000E-06  1.0176E-06 -3.5296E+00  7.1440E+00
 14 8.0709E-05 5.8567E+01 2.0024E+02  0.00E+00   2.4327E-01  2.0000E+02  5.3819E-06  4.0000E-06  1.1194E-06 -3.3848E+00  7.5886E+00
 15 9.5732E-05 5.7542E+01 2.0028E+02  0.00E+00   2.7750E-01  2.0000E+02  5.4328E-06  4.0000E-06  1.2318E-06 -3.2792E+00  8.0743E+00
 16 1.1339E-04 5.6526E+01 2.0031E+02  0.00E+00   3.1336E-01  2.0000E+02  5.4734E-06  4.0000E-06  1.3565E-06 -3.1953E+00  8.6101E+00
 17 1.3411E-04 5.5519E+01 2.0035E+02  0.00E+00   3.4913E-01  2.0000E+02  5.5036E-06  4.0000E-06  1.4873E-06 -3.1270E+00  9.1600E+00
 18 1.5839E-04 5.4521E+01 2.0039E+02  0.00E+00   3.8703E-01  2.0000E+02  5.5335E-06  4.0000E-06  1.6368E-06 -3.0703E+00  9.7582E+00
 19 1.8679E-04 5.3531E+01 2.0043E+02  0.00E+00   4.2590E-01  2.0000E+02  5.5565E-06  4.0000E-06  1.8015E-06 -3.0202E+00  1.0380E+01
 20 2.1998E-04 5.2550E+01 2.0047E+02  0.00E+00   4.6634E-01  2.0000E+02  5.5661E-06  4.0000E-06  1.9900E-06 -2.9740E+00  1.1032E+01
 21 2.5869E-04 5.1578E+01 2.0050E+02  0.00E+00   5.0423E-01  2.0000E+02  5.5800E-06  4.0000E-06  2.1893E-06 -2.9318E+00  1.1645E+01
 22 3.0377E-04 5.0614E+01 2.0054E+02  0.00E+00   5.4257E-01  2.0000E+02  5.5800E-06  4.0000E-06  2.4199E-06 -2.8880E+00  1.2264E+01
 23 3.5619E-04 4.9660E+01 2.0058E+02  0.00E+00   5.8008E-01  2.0000E+02  5.5700E-06  4.0000E-06  2.6848E-06 -2.8399E+00  1.2864E+01
 24 4.1707E-04 4.8713E+01 2.0061E+02  0.00E+00   6.1401E-01  2.0000E+02  5.5574E-06  4.0000E-06  2.9830E-06 -2.7847E+00  1.3395E+01
 25 4.8765E-04 4.7776E+01 2.0064E+02  0.00E+00   6.4227E-01  2.0000E+02  5.5375E-06  4.0000E-06  3.3147E-06 -2.7194E+00  1.3818E+01
 26 5.6935E-04 4.6848E+01 2.0066E+02  0.00E+00   6.6502E-01  2.0000E+02  5.5102E-06  4.0000E-06  3.6952E-06 -2.6357E+00  1.4127E+01
 27 6.6379E-04 4.5928E+01 2.0067E+02  0.00E+00   6.7689E-01  2.0000E+02  5.4738E-06  4.0000E-06  4.1055E-06 -2.5316E+00  1.4228E+01
 28 7.7278E-04 4.5017E+01 2.0067E+02  0.00E+00   6.7425E-01  2.0000E+02  5.4212E-06  4.0000E-06  4.5289E-06 -2.4065E+00  1.4058E+01
 29 8.9838E-04 4.4115E+01 2.0065E+02  0.00E+00   6.5603E-01  2.0000E+02  5.3672E-06  4.0000E-06  4.9564E-06 -2.2659E+00  1.3602E+01
 30 1.0429E-03 4.3222E+01 2.0062E+02  0.00E+00   6.2089E-01  2.0000E+02  5.3018E-06  4.0000E-06  5.3524E-06 -2.1177E+00  1.2847E+01
 31 1.2089E-03 4.2338E+01 2.0057E+02  0.00E+00   5.7315E-01  2.0000E+02  5.2313E-06  4.0000E-06  5.7134E-06 -1.9750E+00  1.1879E+01
 32 1.3993E-03 4.1463E+01 2.0052E+02  0.00E+00   5.1686E-01  2.0000E+02  5.1543E-06  4.0000E-06  6.0136E-06 -1.8420E+00  1.0773E+01
 33 1.6174E-03 4.0597E+01 2.0046E+02  0.00E+00   4.5855E-01  2.0000E+02  5.0679E-06  4.0000E-06  6.2569E-06 -1.7272E+00  9.6510E+00
 34 1.8669E-03 3.9741E+01 2.0040E+02  0.00E+00   4.0336E-01  2.0000E+02  4.9825E-06  4.0000E-06  6.4549E-06 -1.6351E+00  8.6052E+00
 35 2.1516E-03 3.8893E+01 2.0036E+02  0.00E+00   3.5383E-01  2.0000E+02  4.8894E-06  4.0000E-06  6.6073E-06 -1.5622E+00  7.6764E+00
 36 2.4763E-03 3.8054E+01 2.0031E+02  0.00E+00   3.1172E-01  2.0000E+02  4.7941E-06  4.0000E-06  6.7361E-06 -1.5014E+00  6.8878E+00
 37 2.8459E-03 3.7224E+01 2.0028E+02  0.00E+00   2.7643E-01  2.0000E+02  4.6995E-06  4.0000E-06  6.8404E-06 -1.4465E+00  6.2233E+00
 38 3.2659E-03 3.6403E+01 2.0025E+02  0.00E+00   2.4716E-01  2.0000E+02  4.5929E-06  4.0000E-06  6.9388E-06 -1.3964E+00  5.6673E+00
 39 3.7425E-03 3.5591E+01 2.0022E+02  0.00E+00   2.2173E-01  2.0000E+02  4.4937E-06  4.0000E-06  7.0174E-06 -1.3550E+00  5.1866E+00
 40 4.2826E-03 3.4788E+01 2.0020E+02  0.00E+00   1.9884E-01  2.0000E+02  4.3971E-06  4.0000E-06  7.0812E-06 -1.3265E+00  4.7625E+00
 41 4.8935E-03 3.3994E+01 2.0018E+02  0.00E+00   1.7737E-01  2.0000E+02  4.2922E-06  4.0000E-06  7.1226E-06 -1.3116E+00  4.3765E+00
 42 5.5836E-03 3.3208E+01 2.0016E+02  0.00E+00   1.5670E-01  2.0000E+02  4.1881E-06  4.0000E-06  7.1280E-06 -1.3070E+00  4.0148E+00
 43 6.3618E-03 3.2431E+01 2.0014E+02  0.00E+00   1.3697E-01  2.0000E+02  4.0874E-06  4.0000E-06  7.0975E-06 -1.3056E+00  3.6723E+00
 44 7.2381E-03 3.1664E+01 2.0012E+02  0.00E+00   1.1830E-01  2.0000E+02  3.9900E-06  4.0000E-06  7.0200E-06 -1.2991E+00  3.3434E+00
 45 8.2233E-03 3.0904E+01 2.0010E+02  0.00E+00   1.0103E-01  2.0000E+02  3.8918E-06  4.0000E-06  6.8897E-06 -1.2807E+00  3.0265E+00
 46 9.3291E-03 3.0154E+01 2.0009E+02  0.00E+00   8.5490E-02  2.0000E+02  3.7987E-06  4.0000E-06  6.7044E-06 -1.2462E+00  2.7235E+00
 47 1.0569E-02 2.9413E+01 2.0007E+02  0.00E+00   7.3235E-02  2.0000E+02  3.7029E-06  4.0000E-06  6.4663E-06 -1.1726E+00  2.4381E+00
 48 1.1955E-02 2.8680E+01 2.0006E+02  0.00E+00   6.4363E-02  2.0000E+02  3.6150E-06  4.0000E-06  6.1719E-06 -1.0617E+00  2.1738E+00
 49 1.3505E-02 2.7956E+01 2.0006E+02  0.00E+00   5.7227E-02  2.0000E+02  3.5351E-06  4.0000E-06  5.8317E-06 -9.4740E-01  1.9363E+00
 50 1.5233E-02 2.7240E+01 2.0005E+02  0.00E+00   5.1690E-02  2.0000E+02  3.4523E-06  4.0000E-06  5.4636E-06 -8.3544E-01  1.7286E+00
 51 1.7158E-02 2.6534E+01 2.0005E+02  0.00E+00   4.7062E-02  2.0000E+02  3.3729E-06  4.0000E-06  5.0558E-06 -7.3308E-01  1.5463E+00
 52 1.9298E-02 2.5836E+01 2.0004E+02  0.00E+00   4.3096E-02  2.0000E+02  3.3032E-06  4.0000E-06  4.6388E-06 -6.4432E-01  1.3890E+00
 53 2.1674E-02 2.5147E+01 2.0004E+02  0.00E+00   3.9268E-02  2.0000E+02  3.2242E-06  4.0000E-06  4.2070E-06 -5.7058E-01  1.2491E+00
 54 2.4308E-02 2.4466E+01 2.0004E+02  0.00E+00   3.5310E-02  2.0000E+02  3.1630E-06  4.0000E-06  3.7713E-06 -5.1175E-01  1.1219E+00
 55 2.7223E-02 2.3794E+01 2.0003E+02  0.00E+00   3.1243E-02  2.0000E+02  3.0991E-06  4.0000E-06  3.3442E-06 -4.6398E-01  1.0039E+00
 56 3.0443E-02 2.3131E+01 2.0003E+02  0.00E+00   2.7012E-02  2.0000E+02  3.0362E-06  4.0000E-06  2.9295E-06 -4.2516E-01  8.9192E-01
 57 3.3996E-02 2.2477E+01 2.0002E+02  0.00E+00   2.2489E-02  2.0000E+02  2.9838E-06  4.0000E-06  2.5234E-06 -3.9516E-01  7.8377E-01
 58 3.7908E-02 2.1831E+01 2.0002E+02  0.00E+00   1.7860E-02  2.0000E+02  2.9227E-06  4.0000E-06  2.1356E-06 -3.7160E-01  6.8023E-01
 59 4.2211E-02 2.1193E+01 2.0001E+02  0.00E+00   1.3132E-02  2.0000E+02  2.8734E-06  4.0000E-06  1.7647E-06 -3.5497E-01  5.8190E-01
 60 4.6934E-02 2.0565E+01 2.0001E+02  0.00E+00   8.5657E-03  2.0000E+02  2.8309E-06  4.0000E-06  1.4203E-06 -3.4318E-01  4.9120E-01
 61 5.2110E-02 1.9945E+01 2.0000E+02  0.00E+00   4.3036E-03  2.0000E+02  2.7885E-06  4.0000E-06  1.1057E-06 -3.3530E-01  4.0967E-01
 62 5.7775E-02 1.9334E+01 2.0000E+02  0.00E+00   4.7935E-04  2.0000E+02  2.7518E-06  4.0000E-06  8.2547E-07 -3.3086E-01  3.3914E-01
 63 6.3963E-02 1.8731E+01 2.0000E+02  0.00E+00  -2.3076E-03  2.0000E+02  2.7186E-06  4.0000E-06  6.0361E-07 -3.2333E-01  2.8346E-01
 64 7.0712E-02 1.8137E+01 2.0000E+02  0.00E+00  -3.8857E-03  2.0000E+02  2.7034E-06  4.0000E-06  4.4330E-07 -3.0988E-01  2.4274E-01
 65 7.8062E-02 1.7552E+01 2.0000E+02  0.00E+00  -4.3582E-03  2.0000E+02  2.6850E-06  4.0000E-06  3.3737E-07 -2.9032E-01  2.1501E-01
 66 8.6051E-02 1.6975E+01 2.0000E+02  0.00E+00  -4.1277E-03  2.0000E+02  2.6800E-06  4.0000E-06  2.6920E-07 -2.6782E-01  1.9649E-01
 67 9.4722E-02 1.6407E+01 2.0000E+02  0.00E+00  -3.4706E-03  2.0000E+02  2.6721E-06  4.0000E-06  2.2567E-07 -2.4387E-01  1.8390E-01
 68 1.0412E-01 1.5847E+01 2.0000E+02  0.00E+00  -2.5223E-03  2.0000E+02  2.6700E-06  4.0000E-06  1.9610E-07 -2.1766E-01  1.7407E-01
 69 1.1428E-01 1.5296E+01 2.0000E+02  0.00E+00  -1.3808E-03  2.0000E+02  2.6918E-06  4.0000E-06  1.7579E-07 -1.8973E-01  1.6587E-01
 70 1.2525E-01 1.4754E+01 2.0000E+02  0.00E+00  -4.6871E-04  2.0000E+02  2.8652E-06  4.0000E-06  1.5967E-07 -1.6840E-01  1.6030E-01
 71 1.3709E-01 1.4220E+01 2.0000E+02  0.00E+00   1.5088E-04  2.0000E+02  3.3347E-06  4.0000E-06  1.4612E-07 -1.5501E-01  1.5762E-01
 72 1.4982E-01 1.3695E+01 2.0000E+02  0.00E+00   1.2214E-03  2.0000E+02  4.0357E-06  4.0000E-06  1.3454E-07 -1.3544E-01  1.5655E-01
 73 1.6350E-01 1.3178E+01 2.0001E+02  0.00E+00   4.6582E-03  2.0000E+02  4.0175E-06  4.0000E-06  1.2369E-07 -7.1374E-02  1.5187E-01
 74 1.7818E-01 1.2670E+01 2.0001E+02  0.00E+00   1.0521E-02  2.0000E+02  4.0073E-06  4.0000E-06  1.1482E-07  3.4387E-02  1.4742E-01
 75 1.9389E-01 1.2169E+01 2.0068E+02  0.00E+00   1.7271E-02  2.0000E+02  4.0029E-06  4.0000E-06  1.0682E-07  1.5646E-01  1.4199E-01
 76 2.1069E-01 1.1674E+01 2.0268E+02  0.00E+00   1.2112E+00  2.0147E+02  4.0000E-06  4.0000E-06  9.9227E-08  1.5542E-01  1.2616E-01
 77 2.2861E-01 1.1180E+01 2.0755E+02  1.00E+00   1.2370E+00  2.0631E+02  4.0000E-06  3.0536E-06  9.2588E-08 -5.8892E-02  1.3190E-01
 78 2.4770E-01 1.0682E+01 2.1243E+02  1.00E+00   1.2608E+00  2.1117E+02  7.2442E-06  6.0973E-06  8.6497E-08 -3.2520E-01  1.4710E-01
 79 2.6800E-01 1.0182E+01 2.1731E+02  1.00E+00   1.2811E+00  2.1603E+02  1.3951E-05  1.1801E-05  8.0945E-08 -6.8946E-01  1.7410E-01
 80 2.8955E-01 9.6805E+00 2.2217E+02  1.00E+00   1.2964E+00  2.2088E+02  2.6035E-05  2.2141E-05  7.5890E-08 -1.1200E+00  2.1579E-01
 81 3.1238E-01 9.1773E+00 2.2700E+02  1.00E+00   1.3044E+00  2.2569E+02  4.7054E-05  4.0252E-05  7.1376E-08 -1.5598E+00  2.7303E-01
 82 3.3652E-01 8.6731E+00 2.3175E+02  1.00E+00   1.3027E+00  2.3044E+02  8.2274E-05  7.0843E-05  6.7255E-08 -1.9573E+00  3.4346E-01
 83 3.6202E-01 8.1686E+00 2.3639E+02  1.00E+00   1.2890E+00  2.3510E+02  1.3899E-04  1.2056E-04  6.3510E-08 -2.2526E+00  4.1995E-01
 84 3.8888E-01 7.6644E+00 2.4089E+02  1.00E+00   1.2619E+00  2.3963E+02  2.2655E-04  1.9813E-04  6.0045E-08 -2.4350E+00  4.9944E-01
 85 4.1714E-01 7.1613E+00 2.4520E+02  1.00E+00   1.2217E+00  2.4398E+02  3.5599E-04  3.1409E-04  5.6764E-08 -2.5310E+00  5.8552E-01
 86 4.4681E-01 6.6600E+00 2.4931E+02  1.00E+00   1.1700E+00  2.4814E+02  5.3918E-04  4.8014E-04  5.3594E-08 -2.5339E+00  6.6734E-01
 87 4.7791E-01 6.1613E+00 2.5318E+02  1.00E+00   1.1102E+00  2.5207E+02  7.8782E-04  7.0811E-04  5.0538E-08 -2.4912E+00  7.2708E-01
 88 5.1043E-01 5.6660E+00 2.5681E+02  1.00E+00   1.0460E+00  2.5576E+02  1.1126E-03  1.0091E-03  4.7600E-08 -2.4412E+00  7.6529E-01
 89 5.4439E-01 5.1749E+00 2.6020E+02  1.00E+00   9.8082E-01  2.5922E+02  1.5225E-03  1.3926E-03  4.4782E-08 -2.3723E+00  7.9293E-01
 90 5.7977E-01 4.6885E+00 2.6336E+02  1.00E+00   9.1755E-01  2.6244E+02  2.0249E-03  1.8666E-03  4.2085E-08 -2.2755E+00  8.1279E-01
 91 6.1656E-01 4.2078E+00 2.6630E+02  1.00E+00   8.5792E-01  2.6545E+02  2.6253E-03  2.4370E-03  3.9512E-08 -2.1784E+00  8.2117E-01
 92 6.5475E-01 3.7331E+00 2.6905E+02  1.00E+00   8.0293E-01  2.6825E+02  3.3282E-03  3.1087E-03  3.7072E-08 -2.0525E+00  8.1787E-01
 93 6.9430E-01 3.2652E+00 2.7162E+02  1.00E+00   7.5293E-01  2.7087E+02  4.1364E-03  3.8848E-03  3.4929E-08 -1.8669E+00  8.0728E-01
 94 7.3519E-01 2.8043E+00 2.7413E+02  1.00E+00   7.9117E-01  2.7334E+02  5.1046E-03  4.7860E-03  3.2992E-08 -1.6956E+00  7.9424E-01
 95 7.7737E-01 2.3507E+00 2.7667E+02  1.00E+00   7.4813E-01  2.7592E+02  6.1345E-03  5.8327E-03  3.1415E-08 -1.5837E+00  7.7811E-01
 96 8.2078E-01 1.9048E+00 2.7909E+02  1.00E+00   7.2729E-01  2.7836E+02  7.2568E-03  6.8572E-03  3.0184E-08 -1.4964E+00  7.4798E-01
 97 8.6538E-01 1.4668E+00 2.8138E+02  1.00E+00   6.9188E-01  2.8069E+02  8.5272E-03  8.1465E-03  2.9222E-08 -1.5278E+00  7.3031E-01
 98 9.1109E-01 1.0371E+00 2.8357E+02  1.00E+00   6.7287E-01  2.8289E+02  9.8211E-03  9.3719E-03  2.8584E-08 -1.6157E+00  7.0961E-01
 99 9.5784E-01 6.1611E-01 2.8565E+02  1.00E+00   6.4262E-01  2.8501E+02  1.1377E-02  1.0902E-02  2.8218E-08 -1.8747E+00  7.1190E-01
100 1.0055E+00 2.0409E-01 2.8764E+02  1.00E+00   6.1967E-01  2.8702E+02  1.2862E-02  1.2402E-02  2.7972E-08 -2.0823E+00  7.2548E-01
101 1.0299E+00 0.0000E+00 2.8861E+02  1.00E+00   6.1255E-01  2.8800E+02  1.3702E-02  1.3136E-02  2.8000E-08  0.0000E+00  0.0000E+00
  J     P         ALT         T        CONVEC       DT          TOLD        FH20       FSAVE        FO3        TCOOL       THEAT

 FCO2
  3.77E-04 3.78E-04 3.79E-04 3.79E-04 3.80E-04 3.80E-04 3.81E-04 3.81E-04 3.81E-04 3.82E-04
  3.82E-04 3.82E-04 3.83E-04 3.83E-04 3.83E-04 3.83E-04 3.84E-04 3.84E-04 3.84E-04 3.84E-04
  3.84E-04 3.84E-04 3.84E-04 3.84E-04 3.84E-04 3.84E-04 3.84E-04 3.84E-04 3.84E-04 3.84E-04
  3.84E-04 3.84E-04 3.84E-04 3.84E-04 3.84E-04 3.84E-04 3.84E-04 3.84E-04 3.84E-04 3.84E-04
  3.84E-04 3.84E-04 3.84E-04 3.84E-04 3.84E-04 3.84E-04 3.84E-04 3.84E-04 3.84E-04 3.84E-04
  3.84E-04 3.84E-04 3.84E-04 3.84E-04 3.84E-04 3.84E-04 3.84E-04 3.84E-04 3.84E-04 3.84E-04
  3.84E-04 3.84E-04 3.84E-04 3.84E-04 3.84E-04 3.84E-04 3.84E-04 3.84E-04 3.84E-04 3.84E-04
  3.84E-04 3.84E-04 3.84E-04 3.84E-04 3.84E-04 3.84E-04 3.84E-04 3.84E-04 3.84E-04 3.84E-04
  3.84E-04 3.84E-04 3.84E-04 3.84E-04 3.84E-04 3.84E-04 3.84E-04 3.84E-04 3.84E-04 3.84E-04
  3.84E-04 3.84E-04 3.84E-04 3.84E-04 3.84E-04 3.84E-04 3.84E-04 3.84E-04 3.84E-04 3.84E-04
  3.84E-04

  J    PF         ALT       FTOTAL       FTIR       FDNIR       FUPIR       FTSOL       FDNSOL       FUPSOL       DIVF
  1 7.0000E-06 7.2644E+01  5.5863E+03 -2.6265E+05  0.0000E+00  2.6265E+05  2.6823E+05  3.4178E+05  7.3544E+04  2.1269E-02
  2 8.4656E-06 7.1504E+01  5.5829E+03 -2.6263E+05  1.4621E+01  2.6265E+05  2.6822E+05  3.4176E+05  7.3544E+04  2.1256E-02
  3 1.0223E-05 7.0383E+01  5.5907E+03 -2.6262E+05  2.8898E+01  2.6265E+05  2.6821E+05  3.4175E+05  7.3544E+04  2.1286E-02
  4 1.2328E-05 6.9273E+01  5.6011E+03 -2.6261E+05  4.2353E+01  2.6265E+05  2.6821E+05  3.4175E+05  7.3544E+04  2.1326E-02
  5 1.4845E-05 6.8169E+01  5.6114E+03 -2.6259E+05  5.4534E+01  2.6265E+05  2.6820E+05  3.4175E+05  7.3544E+04  2.1365E-02
  6 1.7851E-05 6.7072E+01  5.6202E+03 -2.6258E+05  6.5140E+01  2.6265E+05  2.6820E+05  3.4175E+05  7.3544E+04  2.1398E-02
  7 2.1433E-05 6.5981E+01  5.6269E+03 -2.6257E+05  7.4025E+01  2.6265E+05  2.6820E+05  3.4174E+05  7.3544E+04  2.1424E-02
  8 2.5698E-05 6.4897E+01  5.6315E+03 -2.6257E+05  8.1284E+01  2.6265E+05  2.6820E+05  3.4174E+05  7.3544E+04  2.1441E-02
  9 3.0768E-05 6.3821E+01  5.6341E+03 -2.6256E+05  8.7179E+01  2.6265E+05  2.6819E+05  3.4174E+05  7.3544E+04  2.1451E-02
 10 3.6785E-05 6.2753E+01  5.6349E+03 -2.6256E+05  9.2109E+01  2.6265E+05  2.6819E+05  3.4173E+05  7.3543E+04  2.1454E-02
 11 4.3915E-05 6.1693E+01  5.6342E+03 -2.6255E+05  9.6513E+01  2.6265E+05  2.6819E+05  3.4173E+05  7.3543E+04  2.1452E-02
 12 5.2351E-05 6.0642E+01  5.6321E+03 -2.6255E+05  1.0080E+02  2.6265E+05  2.6818E+05  3.4172E+05  7.3543E+04  2.1443E-02
 13 6.2320E-05 5.9600E+01  5.6285E+03 -2.6254E+05  1.0530E+02  2.6265E+05  2.6817E+05  3.4171E+05  7.3543E+04  2.1430E-02
 14 7.4079E-05 5.8567E+01  5.6235E+03 -2.6254E+05  1.1027E+02  2.6265E+05  2.6816E+05  3.4170E+05  7.3542E+04  2.1411E-02
 15 8.7931E-05 5.7542E+01  5.6165E+03 -2.6253E+05  1.1588E+02  2.6265E+05  2.6815E+05  3.4169E+05  7.3542E+04  2.1384E-02
 16 1.0422E-04 5.6526E+01  5.6072E+03 -2.6253E+05  1.2228E+02  2.6265E+05  2.6813E+05  3.4167E+05  7.3542E+04  2.1349E-02
 17 1.2336E-04 5.5519E+01  5.5948E+03 -2.6252E+05  1.2960E+02  2.6265E+05  2.6811E+05  3.4165E+05  7.3541E+04  2.1302E-02
 18 1.4580E-04 5.4521E+01  5.5787E+03 -2.6251E+05  1.3801E+02  2.6265E+05  2.6809E+05  3.4163E+05  7.3541E+04  2.1240E-02
 19 1.7207E-04 5.3531E+01  5.5577E+03 -2.6250E+05  1.4767E+02  2.6265E+05  2.6806E+05  3.4160E+05  7.3540E+04  2.1160E-02
 20 2.0278E-04 5.2550E+01  5.5308E+03 -2.6249E+05  1.5878E+02  2.6265E+05  2.6802E+05  3.4156E+05  7.3539E+04  2.1058E-02
 21 2.3863E-04 5.1578E+01  5.4964E+03 -2.6248E+05  1.7156E+02  2.6265E+05  2.6797E+05  3.4151E+05  7.3539E+04  2.0927E-02
 22 2.8042E-04 5.0614E+01  5.4530E+03 -2.6246E+05  1.8625E+02  2.6265E+05  2.6791E+05  3.4145E+05  7.3538E+04  2.0762E-02
 23 3.2906E-04 4.9660E+01  5.3987E+03 -2.6245E+05  2.0309E+02  2.6265E+05  2.6784E+05  3.4138E+05  7.3537E+04  2.0555E-02
 24 3.8557E-04 4.8713E+01  5.3312E+03 -2.6243E+05  2.2234E+02  2.6265E+05  2.6776E+05  3.4129E+05  7.3536E+04  2.0298E-02
 25 4.5114E-04 4.7776E+01  5.2484E+03 -2.6240E+05  2.4426E+02  2.6265E+05  2.6765E+05  3.4119E+05  7.3535E+04  1.9983E-02
 26 5.2711E-04 4.6848E+01  5.1481E+03 -2.6238E+05  2.6908E+02  2.6265E+05  2.6753E+05  3.4106E+05  7.3534E+04  1.9601E-02
 27 6.1498E-04 4.5928E+01  5.0280E+03 -2.6235E+05  2.9693E+02  2.6265E+05  2.6738E+05  3.4091E+05  7.3533E+04  1.9143E-02
 28 7.1647E-04 4.5017E+01  4.8868E+03 -2.6232E+05  3.2787E+02  2.6265E+05  2.6721E+05  3.4074E+05  7.3533E+04  1.8606E-02
 29 8.3351E-04 4.4115E+01  4.7247E+03 -2.6229E+05  3.6184E+02  2.6265E+05  2.6701E+05  3.4054E+05  7.3532E+04  1.7989E-02
 30 9.6828E-04 4.3222E+01  4.5431E+03 -2.6225E+05  3.9874E+02  2.6265E+05  2.6679E+05  3.4033E+05  7.3531E+04  1.7297E-02
 31 1.1232E-03 4.2338E+01  4.3456E+03 -2.6221E+05  4.3854E+02  2.6265E+05  2.6656E+05  3.4009E+05  7.3531E+04  1.6545E-02
 32 1.3011E-03 4.1463E+01  4.1363E+03 -2.6217E+05  4.8148E+02  2.6265E+05  2.6631E+05  3.3984E+05  7.3531E+04  1.5748E-02
 33 1.5050E-03 4.0597E+01  3.9201E+03 -2.6213E+05  5.2780E+02  2.6265E+05  2.6605E+05  3.3958E+05  7.3532E+04  1.4925E-02
 34 1.7383E-03 3.9741E+01  3.7006E+03 -2.6208E+05  5.7804E+02  2.6266E+05  2.6578E+05  3.3931E+05  7.3532E+04  1.4089E-02
 35 2.0049E-03 3.8893E+01  3.4800E+03 -2.6203E+05  6.3298E+02  2.6266E+05  2.6551E+05  3.3904E+05  7.3534E+04  1.3249E-02
 36 2.3091E-03 3.8054E+01  3.2593E+03 -2.6197E+05  6.9354E+02  2.6266E+05  2.6523E+05  3.3877E+05  7.3535E+04  1.2409E-02
 37 2.6556E-03 3.7224E+01  3.0379E+03 -2.6191E+05  7.6064E+02  2.6267E+05  2.6495E+05  3.3848E+05  7.3538E+04  1.1565E-02
 38 3.0498E-03 3.6403E+01  2.8146E+03 -2.6184E+05  8.3507E+02  2.6268E+05  2.6466E+05  3.3820E+05  7.3540E+04  1.0715E-02
 39 3.4974E-03 3.5591E+01  2.5879E+03 -2.6177E+05  9.1774E+02  2.6268E+05  2.6435E+05  3.3790E+05  7.3544E+04  9.8517E-03
 40 4.0049E-03 3.4788E+01  2.3574E+03 -2.6169E+05  1.0099E+03  2.6270E+05  2.6404E+05  3.3759E+05  7.3548E+04  8.9737E-03
 41 4.5795E-03 3.3994E+01  2.1234E+03 -2.6160E+05  1.1133E+03  2.6271E+05  2.6372E+05  3.3727E+05  7.3553E+04  8.0826E-03
 42 5.2291E-03 3.3208E+01  1.8875E+03 -2.6149E+05  1.2303E+03  2.6272E+05  2.6338E+05  3.3694E+05  7.3559E+04  7.1843E-03
 43 5.9622E-03 3.2431E+01  1.6523E+03 -2.6138E+05  1.3632E+03  2.6274E+05  2.6303E+05  3.3660E+05  7.3566E+04  6.2888E-03
 44 6.7883E-03 3.1664E+01  1.4208E+03 -2.6125E+05  1.5142E+03  2.6277E+05  2.6267E+05  3.3625E+05  7.3575E+04  5.4070E-03
 45 7.7178E-03 3.0904E+01  1.1958E+03 -2.6111E+05  1.6848E+03  2.6279E+05  2.6231E+05  3.3589E+05  7.3584E+04  4.5504E-03
 46 8.7619E-03 3.0154E+01  9.8003E+02 -2.6095E+05  1.8757E+03  2.6283E+05  2.6193E+05  3.3553E+05  7.3593E+04  3.7288E-03
 47 9.9331E-03 2.9413E+01  7.7528E+02 -2.6078E+05  2.0865E+03  2.6287E+05  2.6155E+05  3.3516E+05  7.3604E+04  2.9493E-03
 48 1.1245E-02 2.8680E+01  5.7890E+02 -2.6060E+05  2.3152E+03  2.6291E+05  2.6118E+05  3.3479E+05  7.3614E+04  2.2019E-03
 49 1.2711E-02 2.7956E+01  3.8597E+02 -2.6041E+05  2.5596E+03  2.6297E+05  2.6080E+05  3.3442E+05  7.3625E+04  1.4677E-03
 50 1.4348E-02 2.7240E+01  1.9452E+02 -2.6023E+05  2.8181E+03  2.6305E+05  2.6042E+05  3.3406E+05  7.3634E+04  7.3949E-04
 51 1.6173E-02 2.6534E+01  1.8178E+00 -2.6005E+05  3.0897E+03  2.6314E+05  2.6005E+05  3.3369E+05  7.3642E+04  6.9082E-06
 52 1.8203E-02 2.5836E+01 -1.9338E+02 -2.5987E+05  3.3744E+03  2.6325E+05  2.5968E+05  3.3333E+05  7.3647E+04 -7.3460E-04
 53 2.0459E-02 2.5147E+01 -3.9194E+02 -2.5970E+05  3.6736E+03  2.6338E+05  2.5931E+05  3.3296E+05  7.3649E+04 -1.4882E-03
 54 2.2962E-02 2.4466E+01 -5.9260E+02 -2.5953E+05  3.9891E+03  2.6352E+05  2.5894E+05  3.3259E+05  7.3647E+04 -2.2488E-03
 55 2.5734E-02 2.3794E+01 -7.9240E+02 -2.5937E+05  4.3234E+03  2.6369E+05  2.5857E+05  3.3221E+05  7.3640E+04 -3.0051E-03
 56 2.8798E-02 2.3131E+01 -9.8784E+02 -2.5920E+05  4.6782E+03  2.6388E+05  2.5821E+05  3.3184E+05  7.3626E+04 -3.7436E-03
 57 3.2182E-02 2.2477E+01 -1.1743E+03 -2.5903E+05  5.0548E+03  2.6408E+05  2.5785E+05  3.3146E+05  7.3605E+04 -4.4469E-03
 58 3.5912E-02 2.1831E+01 -1.3455E+03 -2.5885E+05  5.4539E+03  2.6431E+05  2.5751E+05  3.3108E+05  7.3575E+04 -5.0906E-03
 59 4.0016E-02 2.1193E+01 -1.4950E+03 -2.5867E+05  5.8746E+03  2.6455E+05  2.5718E+05  3.3071E+05  7.3535E+04 -5.6511E-03
 60 4.4526E-02 2.0565E+01 -1.6158E+03 -2.5848E+05  6.3150E+03  2.6480E+05  2.5687E+05  3.3035E+05  7.3484E+04 -6.1018E-03
 61 4.9472E-02 1.9945E+01 -1.7022E+03 -2.5828E+05  6.7718E+03  2.6506E+05  2.5658E+05  3.3000E+05  7.3421E+04 -6.4219E-03
 62 5.4889E-02 1.9334E+01 -1.7497E+03 -2.5807E+05  7.2394E+03  2.6531E+05  2.5632E+05  3.2966E+05  7.3343E+04 -6.5949E-03
 63 6.0812E-02 1.8731E+01 -1.7555E+03 -2.5784E+05  7.7125E+03  2.6555E+05  2.5608E+05  3.2933E+05  7.3251E+04 -6.6107E-03
 64 6.7277E-02 1.8137E+01 -1.7251E+03 -2.5759E+05  8.1868E+03  2.6578E+05  2.5587E+05  3.2901E+05  7.3145E+04 -6.4906E-03
 65 7.4323E-02 1.7552E+01 -1.6693E+03 -2.5733E+05  8.6611E+03  2.6600E+05  2.5567E+05  3.2869E+05  7.3024E+04 -6.2756E-03
 66 8.1989E-02 1.6975E+01 -1.6012E+03 -2.5707E+05  9.1373E+03  2.6621E+05  2.5547E+05  3.2836E+05  7.2889E+04 -6.0149E-03
 67 9.0315E-02 1.6407E+01 -1.5312E+03 -2.5681E+05  9.6203E+03  2.6643E+05  2.5528E+05  3.2802E+05  7.2741E+04 -5.7472E-03
 68 9.9344E-02 1.5847E+01 -1.4674E+03 -2.5655E+05  1.0115E+04  2.6667E+05  2.5508E+05  3.2766E+05  7.2579E+04 -5.5028E-03
 69 1.0912E-01 1.5296E+01 -1.4172E+03 -2.5630E+05  1.0624E+04  2.6692E+05  2.5488E+05  3.2729E+05  7.2403E+04 -5.3095E-03
 70 1.1968E-01 1.4754E+01 -1.3875E+03 -2.5606E+05  1.1146E+04  2.6721E+05  2.5468E+05  3.2689E+05  7.2214E+04 -5.1926E-03
 71 1.3108E-01 1.4220E+01 -1.3766E+03 -2.5584E+05  1.1698E+04  2.6754E+05  2.5446E+05  3.2647E+05  7.2010E+04 -5.1457E-03
 72 1.4336E-01 1.3695E+01 -1.3804E+03 -2.5561E+05  1.2306E+04  2.6792E+05  2.5423E+05  3.2602E+05  7.1791E+04 -5.1523E-03
 73 1.5657E-01 1.3178E+01 -1.4132E+03 -2.5540E+05  1.2985E+04  2.6839E+05  2.5399E+05  3.2555E+05  7.1557E+04 -5.2656E-03
 74 1.7074E-01 1.2670E+01 -1.5476E+03 -2.5528E+05  1.3672E+04  2.6895E+05  2.5374E+05  3.2504E+05  7.1307E+04 -5.7540E-03
 75 1.8593E-01 1.2169E+01 -1.8727E+03 -2.5534E+05  1.4362E+04  2.6971E+05  2.5347E+05  3.2451E+05  7.1040E+04 -6.9433E-03
 76 2.0219E-01 1.1674E+01 -2.4435E+03 -2.5564E+05  1.5211E+04  2.7085E+05  2.5320E+05  3.2396E+05  7.0756E+04 -9.0215E-03
 77 2.1954E-01 1.1180E+01 -3.0187E+03 -2.5596E+05  1.6378E+04  2.7234E+05  2.5294E+05  3.2340E+05  7.0454E+04 -1.1084E-02
 78 2.3805E-01 1.0682E+01 -3.1777E+03 -2.5583E+05  1.8166E+04  2.7400E+05  2.5266E+05  3.2279E+05  7.0135E+04 -1.1597E-02
 79 2.5774E-01 1.0182E+01 -2.7648E+03 -2.5508E+05  2.0809E+04  2.7589E+05  2.5231E+05  3.2211E+05  6.9797E+04 -1.0021E-02
 80 2.7866E-01 9.6805E+00 -1.4951E+03 -2.5338E+05  2.4667E+04  2.7805E+05  2.5189E+05  3.2133E+05  6.9440E+04 -5.3771E-03
 81 3.0085E-01 9.1773E+00  8.6785E+02 -2.5045E+05  3.0074E+04  2.8053E+05  2.5132E+05  3.2039E+05  6.9065E+04  3.0936E-03
 82 3.2434E-01 8.6731E+00  4.4282E+03 -2.4614E+05  3.7238E+04  2.8338E+05  2.5057E+05  3.1924E+05  6.8671E+04  1.5627E-02
 83 3.4916E-01 8.1686E+00  9.1478E+03 -2.4041E+05  4.6219E+04  2.8663E+05  2.4956E+05  3.1782E+05  6.8257E+04  3.1915E-02
 84 3.7534E-01 7.6644E+00  1.4802E+04 -2.3346E+05  5.6859E+04  2.9032E+05  2.4827E+05  3.1609E+05  6.7824E+04  5.0985E-02
 85 4.0291E-01 7.1613E+00  2.1091E+04 -2.2555E+05  6.8902E+04  2.9445E+05  2.4664E+05  3.1402E+05  6.7372E+04  7.1628E-02
 86 4.3188E-01 6.6600E+00  2.7736E+04 -2.1691E+05  8.2101E+04  2.9901E+05  2.4464E+05  3.1155E+05  6.6903E+04  9.2759E-02
 87 4.6226E-01 6.1613E+00  3.4425E+04 -2.0783E+05  9.6128E+04  3.0396E+05  2.4225E+05  3.0867E+05  6.6415E+04  1.1326E-01
 88 4.9408E-01 5.6660E+00  4.1045E+04 -1.9848E+05  1.1075E+05  3.0923E+05  2.3952E+05  3.0544E+05  6.5912E+04  1.3273E-01
 89 5.2732E-01 5.1749E+00  4.7619E+04 -1.8890E+05  1.2587E+05  3.1477E+05  2.3652E+05  3.0192E+05  6.5394E+04  1.5128E-01
 90 5.6200E-01 4.6885E+00  5.4082E+04 -1.7919E+05  1.4133E+05  3.2052E+05  2.3328E+05  2.9814E+05  6.4865E+04  1.6873E-01
 91 5.9809E-01 4.2078E+00  6.0314E+04 -1.6950E+05  1.5693E+05  3.2643E+05  2.2981E+05  2.9414E+05  6.4327E+04  1.8477E-01
 92 6.3559E-01 3.7331E+00  6.6323E+04 -1.5985E+05  1.7263E+05  3.3248E+05  2.2618E+05  2.8996E+05  6.3784E+04  1.9948E-01
 93 6.7448E-01 3.2652E+00  7.1992E+04 -1.5043E+05  1.8822E+05  3.3865E+05  2.2242E+05  2.8566E+05  6.3242E+04  2.1259E-01
 94 7.1471E-01 2.8043E+00  7.7028E+04 -1.4156E+05  2.0347E+05  3.4503E+05  2.1859E+05  2.8129E+05  6.2706E+04  2.2325E-01
 95 7.5625E-01 2.3507E+00  8.1453E+04 -1.3323E+05  2.1868E+05  3.5191E+05  2.1469E+05  2.7687E+05  6.2185E+04  2.3146E-01
 96 7.9907E-01 1.9048E+00  8.5529E+04 -1.2522E+05  2.3365E+05  3.5887E+05  2.1075E+05  2.7244E+05  6.1690E+04  2.3833E-01
 97 8.4309E-01 1.4668E+00  8.9424E+04 -1.1743E+05  2.4838E+05  3.6581E+05  2.0686E+05  2.6809E+05  6.1231E+04  2.4445E-01
 98 8.8826E-01 1.0371E+00  9.3685E+04 -1.0927E+05  2.6341E+05  3.7268E+05  2.0295E+05  2.6378E+05  6.0829E+04  2.5138E-01
 99 9.3451E-01 6.1611E-01  9.8642E+04 -1.0043E+05  2.7891E+05  3.7934E+05  1.9907E+05  2.5958E+05  6.0506E+04  2.6004E-01
100 9.8176E-01 2.0409E-01  1.0514E+05 -8.9948E+04  2.9533E+05  3.8528E+05  1.9509E+05  2.5540E+05  6.0307E+04  2.7290E-01
101 1.0299E+00 0.0000E+00  1.1288E+05 -7.8077E+04  3.0995E+05  3.8803E+05  1.9096E+05  2.5126E+05  6.0302E+04  2.9091E-01

  I    WAVLL      WAVLU       FSOL        FSOD     FDNSOL(1)   FUPSOL(1)   FDNSOL(2)   FUPSOL(2)   PDNSOL(1)   PDNSOL(2)     PATTEN    PDNSOD(2)             
  #    mu.m       mu.m     erg/cm2/s   W/m2/mu.m   erg/cm2/s   erg/cm2/s   erg/cm2/s   erg/cm2/s   mumol/m2/s  mumol/m2/s   fraction   mol/m2/s/m            
  1  0.2376000  0.2750000  4.1962E+03  1.1220E+02  1.0545E+03  1.1815E+00  6.0910E-25  1.4618E-25  2.2593E+00  1.3050E-27  0.00000000  3.4893E-26
  2  0.2750000  0.2850000  2.5238E+03  2.5238E+02  6.3425E+02  8.5569E-01  9.3521E-10  2.2445E-10  1.4845E+00  2.1890E-12  0.00000000  2.1890E-10
  3  0.2850000  0.3071000  1.2112E+04  5.4807E+02  3.0439E+03  9.6584E+00  2.2612E+00  5.4269E-01  7.5330E+00  5.5960E-03  0.00074287  2.5321E-01
  4  0.3071000  0.3292000  1.8868E+04  8.5378E+02  4.7418E+03  1.1420E+03  2.0004E+03  4.8011E+02  1.2611E+01  5.3202E+00  0.42187429  2.4073E+02
  5  0.3292000  0.3412000  1.2883E+04  1.0736E+03  3.2375E+03  1.4906E+03  2.1394E+03  5.1347E+02  9.0717E+00  5.9948E+00  0.66082657  4.9957E+02
  6  0.3412000  0.3900000  5.3687E+04  1.1001E+03  1.3492E+04  5.8090E+03  1.0065E+04  2.4156E+03  4.1233E+01  3.0760E+01  0.74599450  6.3033E+02
  7  0.3900000  0.4500000  9.4384E+04  1.5731E+03  2.3720E+04  8.6870E+03  1.9749E+04  4.7398E+03  8.3277E+01  6.9337E+01  0.83260138  1.1556E+03
  8  0.4500000  0.5400000  1.7282E+05  1.9202E+03  4.3431E+04  1.3289E+04  3.8682E+04  9.2837E+03  1.7971E+02  1.6006E+02  0.89065185  1.7784E+03
  9  0.5400000  0.5495000  1.6903E+04  1.7793E+03  4.2479E+03  1.1554E+03  3.8035E+03  9.1284E+02  1.9344E+01  1.7320E+01  0.89538315  1.8232E+03
 10  0.5495000  0.5666000  2.9769E+04  1.7409E+03  7.4813E+03  1.9909E+03  6.7247E+03  1.6139E+03  3.4899E+01  3.1370E+01  0.89886901  1.8345E+03
 11  0.5666000  0.6050000  6.5276E+04  1.6999E+03  1.6404E+04  4.0293E+03  1.4453E+04  3.4687E+03  8.0330E+01  7.0773E+01  0.88102816  1.8431E+03
 12  0.6050000  0.6250000  3.2769E+04  1.6384E+03  8.2351E+03  2.0416E+03  7.4777E+03  1.7946E+03  4.2336E+01  3.8442E+01  0.90802057  1.9221E+03
 13  0.6250000  0.6667000  6.4941E+04  1.5573E+03  1.6320E+04  4.0236E+03  1.5005E+04  3.6011E+03  8.8110E+01  8.1009E+01  0.91939838  1.9427E+03
 14  0.6667000  0.6910000  3.4831E+04  1.4334E+03  8.7533E+03  2.2275E+03  8.3309E+03  1.9994E+03  4.9673E+01  4.7276E+01  0.95174569  1.9455E+03
 15  0.6910000  0.7520000  8.1260E+04  1.3321E+03  2.0421E+04  4.4922E+03  1.7867E+04  4.2882E+03  1.2317E+02  1.0776E+02  0.87493627  1.7666E+03
 16  0.7520000  0.7840000  3.8562E+04  1.2051E+03  9.6910E+03  1.0014E+03  5.9226E+03  1.4214E+03  6.2215E+01  3.8022E+01  0.61114050  1.1882E+03
 17  0.7840000  0.8420000  6.3344E+04  1.0921E+03  1.5919E+04  3.3782E+03  1.3982E+04  3.3557E+03  1.0819E+02  9.5023E+01  0.87833445  1.6383E+03
 18  0.8420000  0.8910000  4.7526E+04  9.6992E+02  1.1944E+04  2.9347E+03  1.1707E+04  2.8098E+03  8.6513E+01  8.4800E+01  0.98020663  1.7306E+03
 19  0.8910000  0.9620000  6.1906E+04  8.7191E+02  1.5557E+04  1.6537E+03  8.3703E+03  2.0089E+03  1.2049E+02  6.4827E+01  0.53802453  9.1305E+02
 20  0.9620000  1.0360000  5.6411E+04  7.6231E+02  1.4177E+04  2.9198E+03  1.2516E+04  3.0039E+03  1.1839E+02  1.0452E+02  0.88287780  1.4125E+03
 21  1.0360000  1.0700000  2.2896E+04  6.7340E+02  5.7539E+03  1.3996E+03  5.7094E+03  1.3702E+03  5.0648E+01  5.0256E+01  0.99226460  1.4781E+03
 22  1.0700000  1.1300000  3.6422E+04  6.0703E+02  9.1531E+03  1.2466E+03  5.8697E+03  1.4087E+03  8.4165E+01  5.3973E+01  0.64127988  8.9956E+02
 23  1.1300000  1.2030000  3.8511E+04  5.2755E+02  9.6781E+03  9.8730E+02  5.2384E+03  1.2572E+03  9.4373E+01  5.1080E+01  0.54126122  6.9973E+02
 24  1.2030000  1.3070000  4.6021E+04  4.4251E+02  1.1565E+04  2.5251E+03  1.0803E+04  2.5927E+03  1.2133E+02  1.1333E+02  0.93405904  1.0897E+03
 25  1.3070000  1.4310000  4.4782E+04  3.6114E+02  1.1254E+04  1.3469E+01  3.3997E+01  8.1594E+00  1.2879E+02  3.8906E-01  0.00302091  3.1376E+00
 26  1.4310000  1.5650000  3.9378E+04  2.9387E+02  9.8961E+03  9.4877E+02  4.9141E+03  1.1794E+03  1.2392E+02  6.1536E+01  0.49657152  4.5922E+02
 27  1.5650000  1.6880000  2.9054E+04  2.3621E+02  7.3014E+03  1.6208E+03  6.9669E+03  1.6720E+03  9.9273E+01  9.4724E+01  0.95417521  7.7011E+02
 28  1.6880000  1.8620000  3.0474E+04  1.7514E+02  7.6583E+03  6.9472E+02  3.2697E+03  7.8473E+02  1.1363E+02  4.8515E+01  0.42695175  2.7882E+02
 29  1.8620000  2.0200000  1.9133E+04  1.2109E+02  4.8082E+03  3.5767E+01  4.2030E+02  1.0087E+02  7.8015E+01  6.8195E+00  0.08741286  4.3161E+01
 30  2.0200000  2.2030000  1.6607E+04  9.0751E+01  4.1736E+03  7.2372E+02  3.4019E+03  8.1646E+02  7.3666E+01  6.0046E+01  0.81510429  3.2812E+02
 31  2.2030000  2.4810000  1.8959E+04  6.8199E+01  4.7646E+03  5.7916E+02  3.1186E+03  7.4847E+02  9.3279E+01  6.1055E+01  0.65453867  2.1962E+02
 32  2.4810000  2.6600000  9.1532E+03  5.1135E+01  2.3003E+03  1.6427E-01  2.0271E-06  4.8650E-07  4.9427E+01  4.3557E-08  0.00000000  2.4334E-07
 33  2.6600000  2.9200000  1.0436E+04  4.0138E+01  2.6226E+03  7.7060E-02  4.0937E-05  9.8248E-06  6.1165E+01  9.5474E-07  0.00000002  3.6721E-06
 34  2.9200000  3.2390000  8.9682E+03  2.8114E+01  2.2538E+03  1.2993E+01  2.1768E+02  5.2242E+01  5.8018E+01  5.6035E+00  0.09658177  1.7566E+01
 35  3.2390000  3.5770000  5.9999E+03  1.7751E+01  1.5078E+03  1.0538E+02  6.9400E+02  1.6656E+02  4.2956E+01  1.9771E+01  0.46025952  5.8494E+01
 36  3.5770000  4.0100000  5.0851E+03  1.1744E+01  1.2779E+03  2.4659E+02  1.1394E+03  2.7345E+02  4.0524E+01  3.6130E+01  0.89157267  8.3442E+01
 37  4.0100000  4.1720000  1.4345E+03  8.8546E+00  3.6049E+02  4.3047E+01  2.3212E+02  5.5710E+01  1.2328E+01  7.9382E+00  0.64391573  4.9001E+01
 38  4.1720000  4.5450000  1.1709E+04  3.1390E+01  2.9425E+03  8.3666E+01  4.3101E+02  1.0344E+02  1.0721E+02  1.5704E+01  0.14648052  4.2101E+01

 UV  0.2376000  0.4000000  1.2000E+05  2.5839E+01  3.0157E+04  9.9012E+03  1.7499E+04  4.1997E+03  8.7246E+01  5.2949E+01  0.60688894  3.2604E+02
Vis  0.4000000  0.7000000  5.0795E+05  8.4127E+00  1.2765E+05  3.6659E+04  1.1357E+05  2.7257E+04  5.8215E+02  5.2005E+02  0.89332521  1.7335E+03
 IR  0.7000000  4.5450000  7.3204E+05  3.1501E+00  1.8397E+05  2.6984E+04  1.2019E+05  2.8846E+04  2.0342E+03  1.1665E+03  0.57345652  3.0338E+02
All  0.2376000  4.5450000  1.3600E+06  4.3805E+00  3.4178E+05  7.3544E+04  2.5126E+05  6.0302E+04  2.7035E+03  1.7395E+03  0.64341155  4.0384E+02

 PHOTOSYNTHETIC RATE ('Vis' Spectrum)

          PCOND               PIRATE                  PITRATE    
         fraction         mumol_O2/mg2/hr         mumol_O2/mg2/hr
          0.2000            8.2779E+01               7.3807E+01
          0.2500            7.9427E+01               7.0819E+01
          0.3000            7.6333E+01               6.8060E+01
          0.6000            6.1829E+01               5.5128E+01
          0.8000            5.4846E+01               4.8901E+01

Constants: PALPHA =  1.0000E-05, PBETA =  1.0000E-03, PGAMMA =  2.0000E+00
            PTOPT =  308.00 K  , PTMAX =  346.00 K

 NST=     2 JCONV= 77 CHG=1.05E-02 dt0=5.00E+03 DIVF(1)= 1.67E-02 DIVFrms= 1.21E-02 DT(ND)= 4.81E-01 T(ND)=2.8909E+02
 NST=     3 JCONV= 77 CHG=9.40E-03 dt0=7.50E+03 DIVF(1)= 1.28E-02 DIVFrms= 1.14E-02 DT(ND)= 3.69E-01 T(ND)=2.8946E+02
 NST=     4 JCONV= 77 CHG=1.28E-02 dt0=7.50E+03 DIVF(1)= 9.73E-03 DIVFrms= 1.17E-02 DT(ND)= 2.82E-01 T(ND)=2.8974E+02
 NST=     5 JCONV= 77 CHG=1.19E-02 dt0=7.50E+03 DIVF(1)= 7.43E-03 DIVFrms= 1.24E-02 DT(ND)= 2.15E-01 T(ND)=2.8996E+02
 NST=     6 JCONV=  6 CHG=1.04E-02 dt0=7.50E+03 DIVF(1)= 5.65E-03 DIVFrms= 5.67E-03 DT(ND)= 1.64E-01 T(ND)=2.9012E+02
 NST=     7 JCONV=  6 CHG=1.08E-02 dt0=7.50E+03 DIVF(1)= 4.28E-03 DIVFrms= 4.31E-03 DT(ND)= 1.24E-01 T(ND)=2.9025E+02
 NST=     8 JCONV=  6 CHG=9.66E-03 dt0=1.00E+04 DIVF(1)= 3.21E-03 DIVFrms= 3.23E-03 DT(ND)= 9.32E-02 T(ND)=2.9034E+02
 NST=     9 JCONV=  6 CHG=1.26E-02 dt0=1.00E+04 DIVF(1)= 2.42E-03 DIVFrms= 2.44E-03 DT(ND)= 7.04E-02 T(ND)=2.9041E+02
 NST=    10 JCONV=  6 CHG=1.21E-02 dt0=1.00E+04 DIVF(1)= 1.75E-03 DIVFrms= 1.77E-03 DT(ND)= 5.08E-02 T(ND)=2.9046E+02
 NST=    11 JCONV=  6 CHG=1.41E-02 dt0=1.00E+04 DIVF(1)= 1.26E-03 DIVFrms= 1.28E-03 DT(ND)= 3.67E-02 T(ND)=2.9050E+02
 NST=    12 JCONV=  6 CHG=1.18E-02 dt0=1.00E+04 DIVF(1)= 8.55E-04 DIVFrms= 8.71E-04 DT(ND)= 2.48E-02 T(ND)=2.9052E+02
 NST=    13 JCONV=  6 CHG=1.04E-02 dt0=1.00E+04 DIVF(1)= 5.34E-04 DIVFrms= 5.48E-04 DT(ND)= 1.55E-02 T(ND)=2.9054E+02
 NST=    14 JCONV=  6 CHG=1.21E-02 dt0=1.00E+04 DIVF(1)= 2.80E-04 DIVFrms= 2.98E-04 DT(ND)= 8.13E-03 T(ND)=2.9055E+02
 NST=    15 JCONV=  6 CHG=1.05E-02 dt0=1.00E+04 DIVF(1)= 6.34E-05 DIVFrms= 7.99E-05 DT(ND)= 1.84E-03 T(ND)=2.9055E+02
 NST=    16 JCONV= 74 CHG=1.16E-02 dt0=1.00E+04 DIVF(1)=-8.83E-05 DIVFrms= 1.52E-02 DT(ND)=-2.57E-03 T(ND)=2.9055E+02
 NST=    17 JCONV= 73 CHG=1.11E-02 dt0=1.00E+04 DIVF(1)=-1.98E-04 DIVFrms= 1.50E-02 DT(ND)=-5.74E-03 T(ND)=2.9054E+02
 NST=    18 JCONV= 73 CHG=1.17E-02 dt0=1.00E+04 DIVF(1)=-2.87E-04 DIVFrms= 1.50E-02 DT(ND)=-8.35E-03 T(ND)=2.9053E+02
 NST=    19 JCONV= 73 CHG=1.35E-02 dt0=1.00E+04 DIVF(1)=-3.57E-04 DIVFrms= 1.49E-02 DT(ND)=-1.04E-02 T(ND)=2.9052E+02
 NST=    20 JCONV= 74 CHG=1.24E-02 dt0=1.00E+04 DIVF(1)=-4.17E-04 DIVFrms= 1.51E-02 DT(ND)=-1.21E-02 T(ND)=2.9051E+02
 NST=    21 JCONV= 73 CHG=1.19E-02 dt0=1.00E+04 DIVF(1)=-4.62E-04 DIVFrms= 1.48E-02 DT(ND)=-1.34E-02 T(ND)=2.9050E+02
 NST=    22 JCONV= 73 CHG=1.14E-02 dt0=1.00E+04 DIVF(1)=-4.98E-04 DIVFrms= 1.48E-02 DT(ND)=-1.45E-02 T(ND)=2.9048E+02
 NST=    23 JCONV= 74 CHG=1.13E-02 dt0=1.00E+04 DIVF(1)=-5.30E-04 DIVFrms= 1.49E-02 DT(ND)=-1.54E-02 T(ND)=2.9047E+02
 NST=    24 JCONV= 73 CHG=1.04E-02 dt0=1.00E+04 DIVF(1)=-5.54E-04 DIVFrms= 1.46E-02 DT(ND)=-1.61E-02 T(ND)=2.9045E+02
 NST=    25 JCONV= 73 CHG=1.07E-02 dt0=1.00E+04 DIVF(1)=-5.73E-04 DIVFrms= 1.45E-02 DT(ND)=-1.66E-02 T(ND)=2.9043E+02
 NST=    26 JCONV= 74 CHG=1.23E-02 dt0=1.00E+04 DIVF(1)=-5.92E-04 DIVFrms= 1.46E-02 DT(ND)=-1.72E-02 T(ND)=2.9042E+02
 NST=    27 JCONV= 73 CHG=9.84E-03 dt0=1.00E+04 DIVF(1)=-6.02E-04 DIVFrms= 1.44E-02 DT(ND)=-1.75E-02 T(ND)=2.9040E+02
 NST=    28 JCONV= 74 CHG=1.02E-02 dt0=1.00E+04 DIVF(1)=-6.14E-04 DIVFrms= 1.45E-02 DT(ND)=-1.78E-02 T(ND)=2.9038E+02
 NST=    29 JCONV= 73 CHG=1.24E-02 dt0=1.00E+04 DIVF(1)=-6.27E-04 DIVFrms= 1.42E-02 DT(ND)=-1.82E-02 T(ND)=2.9036E+02
 NST=    30 JCONV= 74 CHG=1.03E-02 dt0=1.00E+04 DIVF(1)=-6.33E-04 DIVFrms= 1.43E-02 DT(ND)=-1.84E-02 T(ND)=2.9034E+02
 NST=    31 JCONV= 74 CHG=9.01E-03 dt0=1.00E+04 DIVF(1)=-6.36E-04 DIVFrms= 1.42E-02 DT(ND)=-1.85E-02 T(ND)=2.9033E+02
 NST=    32 JCONV= 74 CHG=9.51E-03 dt0=1.00E+04 DIVF(1)=-6.42E-04 DIVFrms= 1.41E-02 DT(ND)=-1.86E-02 T(ND)=2.9031E+02
 NST=    33 JCONV= 74 CHG=1.27E-02 dt0=1.00E+04 DIVF(1)=-6.53E-04 DIVFrms= 1.40E-02 DT(ND)=-1.90E-02 T(ND)=2.9029E+02
 NST=    34 JCONV= 74 CHG=1.09E-02 dt0=1.00E+04 DIVF(1)=-6.53E-04 DIVFrms= 1.39E-02 DT(ND)=-1.90E-02 T(ND)=2.9027E+02
 NST=    35 JCONV= 74 CHG=1.03E-02 dt0=1.00E+04 DIVF(1)=-6.52E-04 DIVFrms= 1.38E-02 DT(ND)=-1.89E-02 T(ND)=2.9025E+02
 NST=    36 JCONV= 75 CHG=1.14E-02 dt0=1.00E+04 DIVF(1)=-6.75E-04 DIVFrms= 1.39E-02 DT(ND)=-1.96E-02 T(ND)=2.9023E+02
 NST=    37 JCONV= 74 CHG=1.05E-02 dt0=1.00E+04 DIVF(1)=-6.81E-04 DIVFrms= 1.36E-02 DT(ND)=-1.98E-02 T(ND)=2.9021E+02
 NST=    38 JCONV= 73 CHG=1.49E-02 dt0=1.00E+04 DIVF(1)=-6.84E-04 DIVFrms= 1.33E-02 DT(ND)=-1.99E-02 T(ND)=2.9019E+02
 NST=    39 JCONV= 73 CHG=9.16E-03 dt0=1.00E+04 DIVF(1)=-6.71E-04 DIVFrms= 1.33E-02 DT(ND)=-1.95E-02 T(ND)=2.9017E+02
 NST=    40 JCONV= 74 CHG=1.03E-02 dt0=1.00E+04 DIVF(1)=-6.74E-04 DIVFrms= 1.33E-02 DT(ND)=-1.96E-02 T(ND)=2.9015E+02
 NST=    41 JCONV= 73 CHG=1.18E-02 dt0=1.00E+04 DIVF(1)=-6.73E-04 DIVFrms= 1.31E-02 DT(ND)=-1.95E-02 T(ND)=2.9013E+02
 NST=    42 JCONV= 73 CHG=1.18E-02 dt0=1.00E+04 DIVF(1)=-6.71E-04 DIVFrms= 1.30E-02 DT(ND)=-1.95E-02 T(ND)=2.9011E+02
 NST=    43 JCONV= 74 CHG=1.28E-02 dt0=1.00E+04 DIVF(1)=-6.66E-04 DIVFrms= 1.30E-02 DT(ND)=-1.93E-02 T(ND)=2.9009E+02
 NST=    44 JCONV= 73 CHG=1.18E-02 dt0=1.00E+04 DIVF(1)=-6.66E-04 DIVFrms= 1.28E-02 DT(ND)=-1.93E-02 T(ND)=2.9007E+02
 NST=    45 JCONV= 74 CHG=8.55E-03 dt0=1.00E+04 DIVF(1)=-6.59E-04 DIVFrms= 1.29E-02 DT(ND)=-1.91E-02 T(ND)=2.9006E+02
 NST=    46 JCONV= 73 CHG=1.16E-02 dt0=1.00E+04 DIVF(1)=-6.58E-04 DIVFrms= 1.26E-02 DT(ND)=-1.91E-02 T(ND)=2.9004E+02
 NST=    47 JCONV= 74 CHG=7.93E-03 dt0=1.00E+04 DIVF(1)=-6.52E-04 DIVFrms= 1.27E-02 DT(ND)=-1.89E-02 T(ND)=2.9002E+02
 NST=    48 JCONV= 74 CHG=9.86E-03 dt0=1.00E+04 DIVF(1)=-6.51E-04 DIVFrms= 1.26E-02 DT(ND)=-1.89E-02 T(ND)=2.9000E+02
 NST=    49 JCONV= 74 CHG=1.14E-02 dt0=1.00E+04 DIVF(1)=-6.52E-04 DIVFrms= 1.25E-02 DT(ND)=-1.89E-02 T(ND)=2.8998E+02
 NST=    50 JCONV= 74 CHG=1.21E-02 dt0=1.00E+04 DIVF(1)=-6.52E-04 DIVFrms= 1.24E-02 DT(ND)=-1.89E-02 T(ND)=2.8996E+02
 NST=    51 JCONV= 74 CHG=9.85E-03 dt0=1.00E+04 DIVF(1)=-6.49E-04 DIVFrms= 1.23E-02 DT(ND)=-1.88E-02 T(ND)=2.8994E+02
 NST=    52 JCONV= 74 CHG=1.10E-02 dt0=1.00E+04 DIVF(1)=-6.44E-04 DIVFrms= 1.22E-02 DT(ND)=-1.87E-02 T(ND)=2.8992E+02
 NST=    53 JCONV= 74 CHG=1.08E-02 dt0=1.00E+04 DIVF(1)=-6.41E-04 DIVFrms= 1.21E-02 DT(ND)=-1.86E-02 T(ND)=2.8990E+02
 NST=    54 JCONV= 75 CHG=1.11E-02 dt0=1.00E+04 DIVF(1)=-6.56E-04 DIVFrms= 1.22E-02 DT(ND)=-1.90E-02 T(ND)=2.8989E+02
 NST=    55 JCONV= 74 CHG=9.67E-03 dt0=1.00E+04 DIVF(1)=-6.53E-04 DIVFrms= 1.19E-02 DT(ND)=-1.89E-02 T(ND)=2.8987E+02
 NST=    56 JCONV= 73 CHG=9.53E-03 dt0=1.00E+04 DIVF(1)=-6.50E-04 DIVFrms= 1.16E-02 DT(ND)=-1.89E-02 T(ND)=2.8985E+02
 NST=    57 JCONV= 73 CHG=1.19E-02 dt0=1.00E+04 DIVF(1)=-6.44E-04 DIVFrms= 1.15E-02 DT(ND)=-1.87E-02 T(ND)=2.8983E+02
 NST=    58 JCONV= 74 CHG=9.11E-03 dt0=1.00E+04 DIVF(1)=-6.40E-04 DIVFrms= 1.16E-02 DT(ND)=-1.85E-02 T(ND)=2.8981E+02
 NST=    59 JCONV= 73 CHG=1.17E-02 dt0=1.00E+04 DIVF(1)=-6.40E-04 DIVFrms= 1.14E-02 DT(ND)=-1.85E-02 T(ND)=2.8979E+02
 NST=    60 JCONV= 74 CHG=1.01E-02 dt0=1.00E+04 DIVF(1)=-6.32E-04 DIVFrms= 1.14E-02 DT(ND)=-1.83E-02 T(ND)=2.8977E+02
 NST=    61 JCONV= 73 CHG=9.81E-03 dt0=1.00E+04 DIVF(1)=-6.30E-04 DIVFrms= 1.12E-02 DT(ND)=-1.83E-02 T(ND)=2.8976E+02
 NST=    62 JCONV= 74 CHG=1.09E-02 dt0=1.00E+04 DIVF(1)=-6.25E-04 DIVFrms= 1.12E-02 DT(ND)=-1.81E-02 T(ND)=2.8974E+02
 NST=    63 JCONV= 74 CHG=1.06E-02 dt0=1.00E+04 DIVF(1)=-6.22E-04 DIVFrms= 1.12E-02 DT(ND)=-1.80E-02 T(ND)=2.8972E+02
 NST=    64 JCONV= 74 CHG=1.10E-02 dt0=1.00E+04 DIVF(1)=-6.20E-04 DIVFrms= 1.11E-02 DT(ND)=-1.79E-02 T(ND)=2.8970E+02
 NST=    65 JCONV= 74 CHG=1.18E-02 dt0=1.00E+04 DIVF(1)=-6.16E-04 DIVFrms= 1.10E-02 DT(ND)=-1.78E-02 T(ND)=2.8968E+02
 NST=    66 JCONV= 74 CHG=9.88E-03 dt0=1.00E+04 DIVF(1)=-6.11E-04 DIVFrms= 1.09E-02 DT(ND)=-1.77E-02 T(ND)=2.8967E+02
 NST=    67 JCONV= 74 CHG=1.11E-02 dt0=1.00E+04 DIVF(1)=-6.10E-04 DIVFrms= 1.08E-02 DT(ND)=-1.77E-02 T(ND)=2.8965E+02
 NST=    68 JCONV= 74 CHG=1.11E-02 dt0=1.00E+04 DIVF(1)=-6.07E-04 DIVFrms= 1.07E-02 DT(ND)=-1.76E-02 T(ND)=2.8963E+02
 NST=    69 JCONV= 75 CHG=1.05E-02 dt0=1.00E+04 DIVF(1)=-6.14E-04 DIVFrms= 1.08E-02 DT(ND)=-1.78E-02 T(ND)=2.8961E+02
 NST=    70 JCONV= 74 CHG=1.07E-02 dt0=1.00E+04 DIVF(1)=-6.17E-04 DIVFrms= 1.05E-02 DT(ND)=-1.79E-02 T(ND)=2.8959E+02
 NST=    71 JCONV= 73 CHG=1.06E-02 dt0=1.00E+04 DIVF(1)=-6.07E-04 DIVFrms= 1.03E-02 DT(ND)=-1.76E-02 T(ND)=2.8958E+02
 NST=    72 JCONV= 74 CHG=8.81E-03 dt0=1.00E+04 DIVF(1)=-6.00E-04 DIVFrms= 1.04E-02 DT(ND)=-1.74E-02 T(ND)=2.8956E+02
 NST=    73 JCONV= 73 CHG=8.44E-03 dt0=1.00E+04 DIVF(1)=-5.94E-04 DIVFrms= 1.01E-02 DT(ND)=-1.72E-02 T(ND)=2.8954E+02
 NST=    74 JCONV= 74 CHG=1.13E-02 dt0=1.00E+04 DIVF(1)=-5.89E-04 DIVFrms= 1.02E-02 DT(ND)=-1.70E-02 T(ND)=2.8953E+02
 NST=    75 JCONV= 74 CHG=1.01E-02 dt0=1.00E+04 DIVF(1)=-5.83E-04 DIVFrms= 1.01E-02 DT(ND)=-1.69E-02 T(ND)=2.8951E+02
 NST=    76 JCONV= 74 CHG=1.14E-02 dt0=1.00E+04 DIVF(1)=-5.79E-04 DIVFrms= 1.00E-02 DT(ND)=-1.68E-02 T(ND)=2.8949E+02
 NST=    77 JCONV= 74 CHG=9.83E-03 dt0=1.00E+04 DIVF(1)=-5.69E-04 DIVFrms= 9.92E-03 DT(ND)=-1.65E-02 T(ND)=2.8948E+02
 NST=    78 JCONV= 74 CHG=1.05E-02 dt0=1.00E+04 DIVF(1)=-5.69E-04 DIVFrms= 9.84E-03 DT(ND)=-1.65E-02 T(ND)=2.8946E+02
 NST=    79 JCONV= 74 CHG=9.88E-03 dt0=1.00E+04 DIVF(1)=-5.66E-04 DIVFrms= 9.75E-03 DT(ND)=-1.64E-02 T(ND)=2.8944E+02
 NST=    80 JCONV= 74 CHG=1.20E-02 dt0=1.00E+04 DIVF(1)=-5.62E-04 DIVFrms= 9.67E-03 DT(ND)=-1.63E-02 T(ND)=2.8943E+02
 NST=    81 JCONV= 75 CHG=9.21E-03 dt0=1.00E+04 DIVF(1)=-5.63E-04 DIVFrms= 9.75E-03 DT(ND)=-1.63E-02 T(ND)=2.8941E+02
 NST=    82 JCONV= 74 CHG=1.06E-02 dt0=1.00E+04 DIVF(1)=-5.64E-04 DIVFrms= 9.51E-03 DT(ND)=-1.63E-02 T(ND)=2.8939E+02
 NST=    83 JCONV= 74 CHG=1.09E-02 dt0=1.00E+04 DIVF(1)=-5.57E-04 DIVFrms= 9.43E-03 DT(ND)=-1.61E-02 T(ND)=2.8938E+02
 NST=    84 JCONV= 74 CHG=9.20E-03 dt0=1.00E+04 DIVF(1)=-5.52E-04 DIVFrms= 9.35E-03 DT(ND)=-1.60E-02 T(ND)=2.8936E+02
 NST=    85 JCONV= 74 CHG=1.02E-02 dt0=1.00E+04 DIVF(1)=-5.50E-04 DIVFrms= 9.27E-03 DT(ND)=-1.59E-02 T(ND)=2.8935E+02
 NST=    86 JCONV= 74 CHG=1.15E-02 dt0=1.00E+04 DIVF(1)=-5.46E-04 DIVFrms= 9.19E-03 DT(ND)=-1.58E-02 T(ND)=2.8933E+02
 NST=    87 JCONV= 74 CHG=1.13E-02 dt0=1.00E+04 DIVF(1)=-5.41E-04 DIVFrms= 9.11E-03 DT(ND)=-1.57E-02 T(ND)=2.8931E+02
 NST=    88 JCONV= 74 CHG=9.35E-03 dt0=1.00E+04 DIVF(1)=-5.30E-04 DIVFrms= 9.03E-03 DT(ND)=-1.53E-02 T(ND)=2.8930E+02
 NST=    89 JCONV= 74 CHG=1.03E-02 dt0=1.00E+04 DIVF(1)=-5.36E-04 DIVFrms= 8.96E-03 DT(ND)=-1.55E-02 T(ND)=2.8928E+02
 NST=    90 JCONV= 74 CHG=1.33E-02 dt0=1.00E+04 DIVF(1)=-5.31E-04 DIVFrms= 8.87E-03 DT(ND)=-1.54E-02 T(ND)=2.8927E+02
 NST=    91 JCONV= 75 CHG=1.15E-02 dt0=1.00E+04 DIVF(1)=-5.29E-04 DIVFrms= 8.95E-03 DT(ND)=-1.53E-02 T(ND)=2.8925E+02
 NST=    92 JCONV= 74 CHG=1.07E-02 dt0=1.00E+04 DIVF(1)=-5.27E-04 DIVFrms= 8.73E-03 DT(ND)=-1.52E-02 T(ND)=2.8924E+02
 NST=    93 JCONV= 74 CHG=9.88E-03 dt0=1.00E+04 DIVF(1)=-5.22E-04 DIVFrms= 8.65E-03 DT(ND)=-1.51E-02 T(ND)=2.8922E+02
 NST=    94 JCONV= 74 CHG=1.10E-02 dt0=1.00E+04 DIVF(1)=-5.16E-04 DIVFrms= 8.57E-03 DT(ND)=-1.49E-02 T(ND)=2.8921E+02
 NST=    95 JCONV= 74 CHG=1.34E-02 dt0=1.00E+04 DIVF(1)=-5.15E-04 DIVFrms= 8.50E-03 DT(ND)=-1.49E-02 T(ND)=2.8919E+02
 NST=    96 JCONV= 74 CHG=1.28E-02 dt0=1.00E+04 DIVF(1)=-5.11E-04 DIVFrms= 8.42E-03 DT(ND)=-1.48E-02 T(ND)=2.8918E+02
 NST=    97 JCONV= 74 CHG=1.19E-02 dt0=1.00E+04 DIVF(1)=-5.06E-04 DIVFrms= 8.35E-03 DT(ND)=-1.46E-02 T(ND)=2.8916E+02
 NST=    98 JCONV= 74 CHG=9.42E-03 dt0=1.00E+04 DIVF(1)=-4.99E-04 DIVFrms= 8.28E-03 DT(ND)=-1.44E-02 T(ND)=2.8915E+02
 NST=    99 JCONV= 75 CHG=1.16E-02 dt0=1.00E+04 DIVF(1)=-5.06E-04 DIVFrms= 8.34E-03 DT(ND)=-1.46E-02 T(ND)=2.8913E+02
 NST=   100 JCONV= 74 CHG=1.09E-02 dt0=1.00E+04 DIVF(1)=-4.98E-04 DIVFrms= 8.14E-03 DT(ND)=-1.44E-02 T(ND)=2.8912E+02
 NST=   101 JCONV= 74 CHG=1.14E-02 dt0=1.00E+04 DIVF(1)=-4.98E-04 DIVFrms= 8.07E-03 DT(ND)=-1.44E-02 T(ND)=2.8911E+02
 NST=   102 JCONV= 74 CHG=8.58E-03 dt0=1.00E+04 DIVF(1)=-4.87E-04 DIVFrms= 7.99E-03 DT(ND)=-1.41E-02 T(ND)=2.8909E+02
 NST=   103 JCONV= 74 CHG=1.26E-02 dt0=1.00E+04 DIVF(1)=-4.91E-04 DIVFrms= 7.92E-03 DT(ND)=-1.42E-02 T(ND)=2.8908E+02
 NST=   104 JCONV= 74 CHG=9.00E-03 dt0=1.00E+04 DIVF(1)=-4.79E-04 DIVFrms= 7.85E-03 DT(ND)=-1.38E-02 T(ND)=2.8906E+02
 NST=   105 JCONV= 75 CHG=1.28E-02 dt0=1.00E+04 DIVF(1)=-4.84E-04 DIVFrms= 7.91E-03 DT(ND)=-1.40E-02 T(ND)=2.8905E+02
 NST=   106 JCONV= 74 CHG=1.05E-02 dt0=1.00E+04 DIVF(1)=-4.77E-04 DIVFrms= 7.72E-03 DT(ND)=-1.38E-02 T(ND)=2.8904E+02
 NST=   107 JCONV= 74 CHG=1.05E-02 dt0=1.00E+04 DIVF(1)=-4.68E-04 DIVFrms= 7.65E-03 DT(ND)=-1.35E-02 T(ND)=2.8902E+02
 NST=   108 JCONV= 74 CHG=1.09E-02 dt0=1.00E+04 DIVF(1)=-4.67E-04 DIVFrms= 7.58E-03 DT(ND)=-1.35E-02 T(ND)=2.8901E+02
 NST=   109 JCONV= 74 CHG=1.07E-02 dt0=1.00E+04 DIVF(1)=-4.62E-04 DIVFrms= 7.51E-03 DT(ND)=-1.34E-02 T(ND)=2.8900E+02
 NST=   110 JCONV= 75 CHG=1.10E-02 dt0=1.00E+04 DIVF(1)=-4.61E-04 DIVFrms= 7.57E-03 DT(ND)=-1.33E-02 T(ND)=2.8898E+02
 NST=   111 JCONV= 74 CHG=1.06E-02 dt0=1.00E+04 DIVF(1)=-4.57E-04 DIVFrms= 7.38E-03 DT(ND)=-1.32E-02 T(ND)=2.8897E+02
 NST=   112 JCONV= 74 CHG=1.01E-02 dt0=1.00E+04 DIVF(1)=-4.57E-04 DIVFrms= 7.31E-03 DT(ND)=-1.32E-02 T(ND)=2.8896E+02
 NST=   113 JCONV= 74 CHG=9.33E-03 dt0=1.00E+04 DIVF(1)=-4.50E-04 DIVFrms= 7.25E-03 DT(ND)=-1.30E-02 T(ND)=2.8894E+02
 NST=   114 JCONV= 75 CHG=1.24E-02 dt0=1.00E+04 DIVF(1)=-4.50E-04 DIVFrms= 7.30E-03 DT(ND)=-1.30E-02 T(ND)=2.8893E+02
 NST=   115 JCONV= 74 CHG=1.04E-02 dt0=1.00E+04 DIVF(1)=-4.47E-04 DIVFrms= 7.12E-03 DT(ND)=-1.29E-02 T(ND)=2.8892E+02
 NST=   116 JCONV= 74 CHG=1.20E-02 dt0=1.00E+04 DIVF(1)=-4.46E-04 DIVFrms= 7.06E-03 DT(ND)=-1.29E-02 T(ND)=2.8890E+02
 NST=   117 JCONV= 75 CHG=8.83E-03 dt0=1.00E+04 DIVF(1)=-4.40E-04 DIVFrms= 7.11E-03 DT(ND)=-1.27E-02 T(ND)=2.8889E+02
 NST=   118 JCONV= 74 CHG=8.71E-03 dt0=1.00E+04 DIVF(1)=-4.32E-04 DIVFrms= 6.93E-03 DT(ND)=-1.25E-02 T(ND)=2.8888E+02
 NST=   119 JCONV= 75 CHG=1.08E-02 dt0=1.00E+04 DIVF(1)=-4.35E-04 DIVFrms= 6.99E-03 DT(ND)=-1.26E-02 T(ND)=2.8887E+02
 NST=   120 JCONV= 75 CHG=1.13E-02 dt0=1.00E+04 DIVF(1)=-4.35E-04 DIVFrms= 6.92E-03 DT(ND)=-1.26E-02 T(ND)=2.8885E+02
 NST=   121 JCONV= 75 CHG=9.53E-03 dt0=1.00E+04 DIVF(1)=-4.27E-04 DIVFrms= 6.86E-03 DT(ND)=-1.23E-02 T(ND)=2.8884E+02
 NST=   122 JCONV= 75 CHG=1.17E-02 dt0=1.00E+04 DIVF(1)=-4.23E-04 DIVFrms= 6.80E-03 DT(ND)=-1.22E-02 T(ND)=2.8883E+02
 NST=   123 JCONV= 75 CHG=1.05E-02 dt0=1.00E+04 DIVF(1)=-4.27E-04 DIVFrms= 6.74E-03 DT(ND)=-1.23E-02 T(ND)=2.8882E+02
 NST=   124 JCONV= 75 CHG=9.30E-03 dt0=1.00E+04 DIVF(1)=-4.19E-04 DIVFrms= 6.68E-03 DT(ND)=-1.21E-02 T(ND)=2.8880E+02
 NST=   125 JCONV= 75 CHG=1.11E-02 dt0=1.00E+04 DIVF(1)=-4.16E-04 DIVFrms= 6.62E-03 DT(ND)=-1.20E-02 T(ND)=2.8879E+02
 NST=   126 JCONV= 75 CHG=9.18E-03 dt0=1.00E+04 DIVF(1)=-4.12E-04 DIVFrms= 6.56E-03 DT(ND)=-1.19E-02 T(ND)=2.8878E+02
 NST=   127 JCONV= 76 CHG=9.84E-03 dt0=1.00E+04 DIVF(1)=-4.15E-04 DIVFrms= 6.63E-03 DT(ND)=-1.20E-02 T(ND)=2.8877E+02
 NST=   128 JCONV= 75 CHG=9.88E-03 dt0=1.00E+04 DIVF(1)=-4.42E-04 DIVFrms= 6.48E-03 DT(ND)=-1.28E-02 T(ND)=2.8876E+02
 NST=   129 JCONV= 74 CHG=1.11E-02 dt0=1.00E+04 DIVF(1)=-4.35E-04 DIVFrms= 6.30E-03 DT(ND)=-1.26E-02 T(ND)=2.8874E+02
 NST=   130 JCONV= 74 CHG=1.01E-02 dt0=1.00E+04 DIVF(1)=-4.26E-04 DIVFrms= 6.24E-03 DT(ND)=-1.23E-02 T(ND)=2.8873E+02
 NST=   131 JCONV= 74 CHG=1.12E-02 dt0=1.00E+04 DIVF(1)=-4.21E-04 DIVFrms= 6.18E-03 DT(ND)=-1.22E-02 T(ND)=2.8872E+02
 NST=   132 JCONV= 74 CHG=1.12E-02 dt0=1.00E+04 DIVF(1)=-4.08E-04 DIVFrms= 6.12E-03 DT(ND)=-1.18E-02 T(ND)=2.8871E+02
 NST=   133 JCONV= 74 CHG=1.23E-02 dt0=1.00E+04 DIVF(1)=-4.04E-04 DIVFrms= 6.06E-03 DT(ND)=-1.17E-02 T(ND)=2.8870E+02
 NST=   134 JCONV= 74 CHG=1.06E-02 dt0=1.00E+04 DIVF(1)=-3.97E-04 DIVFrms= 6.01E-03 DT(ND)=-1.15E-02 T(ND)=2.8868E+02
 NST=   135 JCONV= 75 CHG=8.66E-03 dt0=1.00E+04 DIVF(1)=-3.97E-04 DIVFrms= 6.06E-03 DT(ND)=-1.14E-02 T(ND)=2.8867E+02
 NST=   136 JCONV= 74 CHG=1.32E-02 dt0=1.00E+04 DIVF(1)=-3.99E-04 DIVFrms= 5.90E-03 DT(ND)=-1.15E-02 T(ND)=2.8866E+02
 NST=   137 JCONV= 74 CHG=1.14E-02 dt0=1.00E+04 DIVF(1)=-3.91E-04 DIVFrms= 5.85E-03 DT(ND)=-1.13E-02 T(ND)=2.8865E+02
 NST=   138 JCONV= 74 CHG=1.15E-02 dt0=1.00E+04 DIVF(1)=-3.86E-04 DIVFrms= 5.79E-03 DT(ND)=-1.11E-02 T(ND)=2.8864E+02
 NST=   139 JCONV= 74 CHG=1.07E-02 dt0=1.00E+04 DIVF(1)=-3.83E-04 DIVFrms= 5.74E-03 DT(ND)=-1.11E-02 T(ND)=2.8863E+02
 NST=   140 JCONV= 74 CHG=9.64E-03 dt0=1.00E+04 DIVF(1)=-3.76E-04 DIVFrms= 5.68E-03 DT(ND)=-1.08E-02 T(ND)=2.8862E+02
 NST=   141 JCONV= 74 CHG=1.14E-02 dt0=1.00E+04 DIVF(1)=-3.73E-04 DIVFrms= 5.63E-03 DT(ND)=-1.08E-02 T(ND)=2.8861E+02
 NST=   142 JCONV= 75 CHG=9.70E-03 dt0=1.00E+04 DIVF(1)=-3.73E-04 DIVFrms= 5.68E-03 DT(ND)=-1.08E-02 T(ND)=2.8859E+02
 NST=   143 JCONV= 74 CHG=1.07E-02 dt0=1.00E+04 DIVF(1)=-3.71E-04 DIVFrms= 5.53E-03 DT(ND)=-1.07E-02 T(ND)=2.8858E+02
 NST=   144 JCONV= 74 CHG=9.19E-03 dt0=1.00E+04 DIVF(1)=-3.66E-04 DIVFrms= 5.48E-03 DT(ND)=-1.06E-02 T(ND)=2.8857E+02
 NST=   145 JCONV= 74 CHG=1.01E-02 dt0=1.00E+04 DIVF(1)=-3.63E-04 DIVFrms= 5.42E-03 DT(ND)=-1.05E-02 T(ND)=2.8856E+02
 NST=   146 JCONV= 74 CHG=1.14E-02 dt0=1.00E+04 DIVF(1)=-3.62E-04 DIVFrms= 5.37E-03 DT(ND)=-1.05E-02 T(ND)=2.8855E+02
 NST=   147 JCONV= 75 CHG=1.14E-02 dt0=1.00E+04 DIVF(1)=-3.62E-04 DIVFrms= 5.42E-03 DT(ND)=-1.05E-02 T(ND)=2.8854E+02
 NST=   148 JCONV= 74 CHG=1.01E-02 dt0=1.00E+04 DIVF(1)=-3.57E-04 DIVFrms= 5.28E-03 DT(ND)=-1.03E-02 T(ND)=2.8853E+02
 NST=   149 JCONV= 74 CHG=1.01E-02 dt0=1.00E+04 DIVF(1)=-3.56E-04 DIVFrms= 5.23E-03 DT(ND)=-1.03E-02 T(ND)=2.8852E+02
 NST=   150 JCONV= 74 CHG=1.15E-02 dt0=1.00E+04 DIVF(1)=-3.53E-04 DIVFrms= 5.18E-03 DT(ND)=-1.02E-02 T(ND)=2.8851E+02
 NST=   151 JCONV= 75 CHG=1.24E-02 dt0=1.00E+04 DIVF(1)=-3.49E-04 DIVFrms= 5.22E-03 DT(ND)=-1.01E-02 T(ND)=2.8850E+02
 NST=   152 JCONV= 74 CHG=1.09E-02 dt0=1.00E+04 DIVF(1)=-3.50E-04 DIVFrms= 5.08E-03 DT(ND)=-1.01E-02 T(ND)=2.8849E+02
 NST=   153 JCONV= 74 CHG=1.14E-02 dt0=1.00E+04 DIVF(1)=-3.46E-04 DIVFrms= 5.03E-03 DT(ND)=-9.99E-03 T(ND)=2.8848E+02
 NST=   154 JCONV= 75 CHG=1.06E-02 dt0=1.00E+04 DIVF(1)=-3.42E-04 DIVFrms= 5.07E-03 DT(ND)=-9.86E-03 T(ND)=2.8847E+02
 NST=   155 JCONV= 74 CHG=1.15E-02 dt0=1.00E+04 DIVF(1)=-3.41E-04 DIVFrms= 4.94E-03 DT(ND)=-9.83E-03 T(ND)=2.8846E+02
 NST=   156 JCONV= 75 CHG=1.07E-02 dt0=1.00E+04 DIVF(1)=-3.36E-04 DIVFrms= 4.98E-03 DT(ND)=-9.69E-03 T(ND)=2.8845E+02
 NST=   157 JCONV= 74 CHG=1.04E-02 dt0=1.00E+04 DIVF(1)=-3.33E-04 DIVFrms= 4.85E-03 DT(ND)=-9.62E-03 T(ND)=2.8844E+02
 NST=   158 JCONV= 75 CHG=1.26E-02 dt0=1.00E+04 DIVF(1)=-3.34E-04 DIVFrms= 4.88E-03 DT(ND)=-9.64E-03 T(ND)=2.8843E+02
 NST=   159 JCONV= 75 CHG=1.22E-02 dt0=1.00E+04 DIVF(1)=-3.33E-04 DIVFrms= 4.84E-03 DT(ND)=-9.61E-03 T(ND)=2.8842E+02
 NST=   160 JCONV= 75 CHG=1.06E-02 dt0=1.00E+04 DIVF(1)=-3.28E-04 DIVFrms= 4.79E-03 DT(ND)=-9.46E-03 T(ND)=2.8841E+02
 NST=   161 JCONV= 75 CHG=8.60E-03 dt0=1.00E+04 DIVF(1)=-3.25E-04 DIVFrms= 4.75E-03 DT(ND)=-9.38E-03 T(ND)=2.8840E+02
 NST=   162 JCONV= 75 CHG=1.22E-02 dt0=1.00E+04 DIVF(1)=-3.26E-04 DIVFrms= 4.70E-03 DT(ND)=-9.40E-03 T(ND)=2.8839E+02
 NST=   163 JCONV= 75 CHG=1.02E-02 dt0=1.00E+04 DIVF(1)=-3.22E-04 DIVFrms= 4.66E-03 DT(ND)=-9.27E-03 T(ND)=2.8839E+02
 NST=   164 JCONV= 75 CHG=1.04E-02 dt0=1.00E+04 DIVF(1)=-3.20E-04 DIVFrms= 4.61E-03 DT(ND)=-9.23E-03 T(ND)=2.8838E+02
 NST=   165 JCONV= 76 CHG=9.65E-03 dt0=1.00E+04 DIVF(1)=-3.21E-04 DIVFrms= 4.67E-03 DT(ND)=-9.26E-03 T(ND)=2.8837E+02
 NST=   166 JCONV= 75 CHG=1.18E-02 dt0=1.00E+04 DIVF(1)=-3.44E-04 DIVFrms= 4.55E-03 DT(ND)=-9.93E-03 T(ND)=2.8836E+02
 NST=   167 JCONV= 74 CHG=1.13E-02 dt0=1.00E+04 DIVF(1)=-3.37E-04 DIVFrms= 4.43E-03 DT(ND)=-9.71E-03 T(ND)=2.8835E+02
 NST=   168 JCONV= 74 CHG=8.95E-03 dt0=1.00E+04 DIVF(1)=-3.28E-04 DIVFrms= 4.39E-03 DT(ND)=-9.47E-03 T(ND)=2.8834E+02
 NST=   169 JCONV= 74 CHG=1.04E-02 dt0=1.00E+04 DIVF(1)=-3.21E-04 DIVFrms= 4.34E-03 DT(ND)=-9.27E-03 T(ND)=2.8833E+02
 NST=   170 JCONV= 74 CHG=1.16E-02 dt0=1.00E+04 DIVF(1)=-3.18E-04 DIVFrms= 4.30E-03 DT(ND)=-9.16E-03 T(ND)=2.8832E+02
 NST=   171 JCONV= 74 CHG=1.10E-02 dt0=1.00E+04 DIVF(1)=-3.11E-04 DIVFrms= 4.25E-03 DT(ND)=-8.96E-03 T(ND)=2.8831E+02
 NST=   172 JCONV= 75 CHG=9.79E-03 dt0=1.00E+04 DIVF(1)=-3.10E-04 DIVFrms= 4.29E-03 DT(ND)=-8.94E-03 T(ND)=2.8830E+02
 NST=   173 JCONV= 74 CHG=1.28E-02 dt0=1.00E+04 DIVF(1)=-3.13E-04 DIVFrms= 4.17E-03 DT(ND)=-9.03E-03 T(ND)=2.8829E+02
 NST=   174 JCONV= 74 CHG=1.12E-02 dt0=1.00E+04 DIVF(1)=-3.05E-04 DIVFrms= 4.13E-03 DT(ND)=-8.79E-03 T(ND)=2.8828E+02
 NST=   175 JCONV= 74 CHG=1.06E-02 dt0=1.00E+04 DIVF(1)=-3.02E-04 DIVFrms= 4.09E-03 DT(ND)=-8.71E-03 T(ND)=2.8828E+02
 NST=   176 JCONV= 74 CHG=1.04E-02 dt0=1.00E+04 DIVF(1)=-2.99E-04 DIVFrms= 4.05E-03 DT(ND)=-8.63E-03 T(ND)=2.8827E+02
 NST=   177 JCONV= 75 CHG=9.72E-03 dt0=1.00E+04 DIVF(1)=-2.96E-04 DIVFrms= 4.08E-03 DT(ND)=-8.54E-03 T(ND)=2.8826E+02
 NST=   178 JCONV= 74 CHG=1.07E-02 dt0=1.00E+04 DIVF(1)=-2.94E-04 DIVFrms= 3.97E-03 DT(ND)=-8.47E-03 T(ND)=2.8825E+02
 NST=   179 JCONV= 74 CHG=9.27E-03 dt0=1.00E+04 DIVF(1)=-2.91E-04 DIVFrms= 3.93E-03 DT(ND)=-8.38E-03 T(ND)=2.8824E+02
 NST=   180 JCONV= 74 CHG=1.11E-02 dt0=1.00E+04 DIVF(1)=-2.91E-04 DIVFrms= 3.90E-03 DT(ND)=-8.39E-03 T(ND)=2.8823E+02
 NST=   181 JCONV= 75 CHG=8.66E-03 dt0=1.00E+04 DIVF(1)=-2.88E-04 DIVFrms= 3.92E-03 DT(ND)=-8.30E-03 T(ND)=2.8822E+02
 NST=   182 JCONV= 74 CHG=1.14E-02 dt0=1.00E+04 DIVF(1)=-2.89E-04 DIVFrms= 3.82E-03 DT(ND)=-8.32E-03 T(ND)=2.8822E+02
 NST=   183 JCONV= 74 CHG=9.87E-03 dt0=1.00E+04 DIVF(1)=-2.82E-04 DIVFrms= 3.78E-03 DT(ND)=-8.13E-03 T(ND)=2.8821E+02
 NST=   184 JCONV= 75 CHG=1.06E-02 dt0=1.00E+04 DIVF(1)=-2.82E-04 DIVFrms= 3.81E-03 DT(ND)=-8.13E-03 T(ND)=2.8820E+02
 NST=   185 JCONV= 74 CHG=1.20E-02 dt0=1.00E+04 DIVF(1)=-2.80E-04 DIVFrms= 3.71E-03 DT(ND)=-8.07E-03 T(ND)=2.8819E+02
 NST=   186 JCONV= 75 CHG=1.16E-02 dt0=1.00E+04 DIVF(1)=-2.83E-04 DIVFrms= 3.73E-03 DT(ND)=-8.15E-03 T(ND)=2.8818E+02
 NST=   187 JCONV= 74 CHG=1.11E-02 dt0=1.00E+04 DIVF(1)=-2.77E-04 DIVFrms= 3.63E-03 DT(ND)=-7.97E-03 T(ND)=2.8818E+02
 NST=   188 JCONV= 75 CHG=1.16E-02 dt0=1.00E+04 DIVF(1)=-2.75E-04 DIVFrms= 3.65E-03 DT(ND)=-7.94E-03 T(ND)=2.8817E+02
 NST=   189 JCONV= 75 CHG=1.06E-02 dt0=1.00E+04 DIVF(1)=-2.74E-04 DIVFrms= 3.62E-03 DT(ND)=-7.89E-03 T(ND)=2.8816E+02
 NST=   190 JCONV= 75 CHG=9.95E-03 dt0=1.00E+04 DIVF(1)=-2.72E-04 DIVFrms= 3.58E-03 DT(ND)=-7.83E-03 T(ND)=2.8815E+02
 NST=   191 JCONV= 75 CHG=1.00E-02 dt0=1.00E+04 DIVF(1)=-2.67E-04 DIVFrms= 3.54E-03 DT(ND)=-7.69E-03 T(ND)=2.8814E+02
 NST=   192 JCONV= 75 CHG=1.16E-02 dt0=1.00E+04 DIVF(1)=-2.69E-04 DIVFrms= 3.51E-03 DT(ND)=-7.76E-03 T(ND)=2.8814E+02
 NST=   193 JCONV= 75 CHG=1.15E-02 dt0=1.00E+04 DIVF(1)=-2.65E-04 DIVFrms= 3.47E-03 DT(ND)=-7.65E-03 T(ND)=2.8813E+02
 NST=   194 JCONV= 75 CHG=8.47E-03 dt0=1.00E+04 DIVF(1)=-2.63E-04 DIVFrms= 3.44E-03 DT(ND)=-7.58E-03 T(ND)=2.8812E+02
 NST=   195 JCONV= 76 CHG=1.22E-02 dt0=1.00E+04 DIVF(1)=-2.67E-04 DIVFrms= 3.47E-03 DT(ND)=-7.68E-03 T(ND)=2.8811E+02
 NST=   196 JCONV= 75 CHG=1.05E-02 dt0=1.00E+04 DIVF(1)=-2.83E-04 DIVFrms= 3.39E-03 DT(ND)=-8.15E-03 T(ND)=2.8811E+02
 NST=   197 JCONV= 74 CHG=1.25E-02 dt0=1.00E+04 DIVF(1)=-2.75E-04 DIVFrms= 3.30E-03 DT(ND)=-7.93E-03 T(ND)=2.8810E+02
 NST=   198 JCONV= 74 CHG=1.06E-02 dt0=1.00E+04 DIVF(1)=-2.68E-04 DIVFrms= 3.26E-03 DT(ND)=-7.73E-03 T(ND)=2.8809E+02
 NST=   199 JCONV= 74 CHG=1.13E-02 dt0=1.00E+04 DIVF(1)=-2.67E-04 DIVFrms= 3.23E-03 DT(ND)=-7.69E-03 T(ND)=2.8808E+02
 NST=   200 JCONV= 75 CHG=1.13E-02 dt0=1.00E+04 DIVF(1)=-2.62E-04 DIVFrms= 3.24E-03 DT(ND)=-7.56E-03 T(ND)=2.8807E+02

 TIME= 1.972E+06  TIME IN DAYS = 2.283E+01

 PLANETARY ALBEDO:  ALBP = 0.2147

  J     P         ALT         T        CONVEC       DT          TOLD        FH20       FSAVE        FO3        TCOOL       THEAT
  1 7.6980E-06 8.1544E+01 2.0933E+02  0.00E+00  -6.2175E-02  2.0939E+02  4.1348E-06  4.1348E-06  2.7496E-07 -1.0334E+02  1.0281E+02
  2 9.3030E-06 8.0380E+01 1.9786E+02  0.00E+00  -2.2449E+00  1.9789E+02  4.2881E-06  4.2881E-06  3.2744E-07 -4.9889E+01  3.0492E+01
  3 1.1227E-05 7.9274E+01 1.9207E+02  0.00E+00  -1.2701E+00  1.9209E+02  4.4239E-06  4.4239E-06  3.7770E-07 -2.2621E+01  1.1647E+01
  4 1.3528E-05 7.8195E+01 1.9158E+02  0.00E+00  -5.7360E-01  1.9157E+02  4.5571E-06  4.5571E-06  4.2379E-07 -1.1308E+01  6.3523E+00
  5 1.6279E-05 7.7120E+01 1.9380E+02  0.00E+00  -2.4328E-01  1.9376E+02  4.6684E-06  4.6684E-06  4.6763E-07 -7.2211E+00  5.1191E+00
  6 1.9560E-05 7.6037E+01 1.9731E+02  1.00E+00  -1.2046E-01  1.9728E+02  4.7788E-06  4.7788E-06  5.1457E-07 -6.0536E+00  5.0128E+00
  7 2.3469E-05 7.4942E+01 2.0148E+02  1.00E+00  -7.5665E-02  2.0147E+02  4.8806E-06  4.8806E-06  5.6531E-07 -5.8437E+00  5.1900E+00
  8 2.8119E-05 7.3833E+01 2.0605E+02  1.00E+00  -2.7431E-02  2.0603E+02  4.9769E-06  4.9769E-06  6.2331E-07 -5.6909E+00  5.4539E+00
  9 3.3642E-05 7.2707E+01 2.1083E+02  1.00E+00  -1.5041E-02  2.1081E+02  5.0628E-06  5.0628E-06  6.8791E-07 -5.8889E+00  5.7589E+00
 10 4.0192E-05 7.1565E+01 2.1573E+02  1.00E+00   1.8968E-02  2.1571E+02  5.1369E-06  5.1369E-06  7.5910E-07 -5.9356E+00  6.0994E+00
 11 4.7948E-05 7.0406E+01 2.2065E+02  1.00E+00   4.0428E-02  2.2063E+02  5.2104E-06  5.2104E-06  8.3834E-07 -6.1315E+00  6.4808E+00
 12 5.7118E-05 6.9232E+01 2.2549E+02  0.00E+00   6.8799E-02  2.2547E+02  5.2734E-06  5.2734E-06  9.2443E-07 -6.3015E+00  6.8959E+00
 13 6.7945E-05 6.8043E+01 2.3014E+02  0.00E+00   9.2593E-02  2.3012E+02  5.3359E-06  5.3359E-06  1.0176E-06 -6.5450E+00  7.3451E+00
 14 8.0709E-05 6.6840E+01 2.3453E+02  0.00E+00   1.0923E-01  2.3451E+02  5.3819E-06  5.3819E-06  1.1194E-06 -6.8809E+00  7.8247E+00
 15 9.5732E-05 6.5627E+01 2.3858E+02  0.00E+00   1.2074E-01  2.3856E+02  5.4328E-06  5.4328E-06  1.2318E-06 -7.2975E+00  8.3407E+00
 16 1.1339E-04 6.4405E+01 2.4225E+02  0.00E+00   1.2342E-01  2.4223E+02  5.4734E-06  5.4734E-06  1.3565E-06 -7.8430E+00  8.9094E+00
 17 1.3411E-04 6.3176E+01 2.4553E+02  0.00E+00   1.1491E-01  2.4551E+02  5.5036E-06  5.5036E-06  1.4873E-06 -8.4956E+00  9.4884E+00
 18 1.5839E-04 6.1942E+01 2.4845E+02  0.00E+00   1.0156E-01  2.4843E+02  5.5335E-06  5.5335E-06  1.6368E-06 -9.2280E+00  1.0106E+01
 19 1.8679E-04 6.0706E+01 2.5106E+02  0.00E+00   8.8050E-02  2.5104E+02  5.5565E-06  5.5565E-06  1.8015E-06 -9.9743E+00  1.0735E+01
 20 2.1998E-04 5.9469E+01 2.5340E+02  0.00E+00   8.0219E-02  2.5338E+02  5.5661E-06  5.5661E-06  1.9900E-06 -1.0692E+01  1.1385E+01
 21 2.5869E-04 5.8232E+01 2.5552E+02  0.00E+00   6.9109E-02  2.5550E+02  5.5800E-06  5.5800E-06  2.1893E-06 -1.1387E+01  1.1984E+01
 22 3.0377E-04 5.6998E+01 2.5744E+02  0.00E+00   6.3318E-02  2.5742E+02  5.5800E-06  5.5800E-06  2.4199E-06 -1.2031E+01  1.2578E+01
 23 3.5619E-04 5.5766E+01 2.5920E+02  0.00E+00   6.3326E-02  2.5918E+02  5.5700E-06  5.5700E-06  2.6848E-06 -1.2597E+01  1.3144E+01
 24 4.1707E-04 5.4537E+01 2.6079E+02  0.00E+00   6.7522E-02  2.6077E+02  5.5574E-06  5.5574E-06  2.9830E-06 -1.3052E+01  1.3635E+01
 25 4.8765E-04 5.3313E+01 2.6220E+02  0.00E+00   7.6438E-02  2.6218E+02  5.5375E-06  5.5375E-06  3.3147E-06 -1.3351E+01  1.4011E+01
 26 5.6935E-04 5.2095E+01 2.6339E+02  0.00E+00   9.4481E-02  2.6337E+02  5.5102E-06  5.5102E-06  3.6952E-06 -1.3456E+01  1.4272E+01
 27 6.6379E-04 5.0884E+01 2.6430E+02  0.00E+00   1.1687E-01  2.6427E+02  5.4738E-06  5.4738E-06  4.1055E-06 -1.3316E+01  1.4326E+01
 28 7.7278E-04 4.9681E+01 2.6484E+02  0.00E+00   1.4021E-01  2.6481E+02  5.4212E-06  5.4212E-06  4.5289E-06 -1.2901E+01  1.4112E+01
 29 8.9838E-04 4.8489E+01 2.6492E+02  0.00E+00   1.6177E-01  2.6489E+02  5.3672E-06  5.3672E-06  4.9564E-06 -1.2226E+01  1.3624E+01
 30 1.0429E-03 4.7310E+01 2.6449E+02  0.00E+00   1.7042E-01  2.6446E+02  5.3018E-06  5.3018E-06  5.3524E-06 -1.1378E+01  1.2850E+01
 31 1.2089E-03 4.6145E+01 2.6351E+02  0.00E+00   1.5845E-01  2.6348E+02  5.2313E-06  5.2313E-06  5.7134E-06 -1.0514E+01  1.1883E+01
 32 1.3993E-03 4.4997E+01 2.6203E+02  0.00E+00   1.3757E-01  2.6200E+02  5.1543E-06  5.1543E-06  6.0136E-06 -9.5968E+00  1.0785E+01
 33 1.6174E-03 4.3868E+01 2.6014E+02  0.00E+00   1.1318E-01  2.6010E+02  5.0679E-06  5.0679E-06  6.2569E-06 -8.6974E+00  9.6752E+00
 34 1.8669E-03 4.2760E+01 2.5793E+02  0.00E+00   9.0971E-02  2.5789E+02  4.9825E-06  4.9825E-06  6.4549E-06 -7.8544E+00  8.6403E+00
 35 2.1516E-03 4.1673E+01 2.5550E+02  0.00E+00   7.4132E-02  2.5546E+02  4.8894E-06  4.8894E-06  6.6073E-06 -7.0769E+00  7.7174E+00
 36 2.4763E-03 4.0608E+01 2.5293E+02  0.00E+00   6.4315E-02  2.5289E+02  4.7941E-06  4.7941E-06  6.7361E-06 -6.3729E+00  6.9286E+00
 37 2.8459E-03 3.9565E+01 2.5027E+02  0.00E+00   5.9004E-02  2.5023E+02  4.6995E-06  4.6995E-06  6.8404E-06 -5.7498E+00  6.2596E+00
 38 3.2659E-03 3.8544E+01 2.4754E+02  0.00E+00   5.6758E-02  2.4750E+02  4.5929E-06  4.5929E-06  6.9388E-06 -5.2083E+00  5.6987E+00
 39 3.7425E-03 3.7545E+01 2.4478E+02  0.00E+00   5.3060E-02  2.4473E+02  4.4937E-06  4.4937E-06  7.0174E-06 -4.7543E+00  5.2127E+00
 40 4.2826E-03 3.6568E+01 2.4200E+02  0.00E+00   4.7374E-02  2.4194E+02  4.3971E-06  4.3971E-06  7.0812E-06 -4.3742E+00  4.7835E+00
 41 4.8935E-03 3.5613E+01 2.3923E+02  0.00E+00   4.0295E-02  2.3917E+02  4.2922E-06  4.2922E-06  7.1226E-06 -4.0440E+00  4.3922E+00
 42 5.5836E-03 3.4679E+01 2.3650E+02  0.00E+00   3.2927E-02  2.3645E+02  4.1881E-06  4.1881E-06  7.1280E-06 -3.7397E+00  4.0242E+00
 43 6.3618E-03 3.3766E+01 2.3386E+02  0.00E+00   2.6698E-02  2.3381E+02  4.0874E-06  4.0874E-06  7.0975E-06 -3.4438E+00  3.6745E+00
 44 7.2381E-03 3.2873E+01 2.3134E+02  0.00E+00   2.2103E-02  2.3128E+02  3.9900E-06  3.9900E-06  7.0200E-06 -3.1472E+00  3.3381E+00
 45 8.2233E-03 3.2000E+01 2.2894E+02  0.00E+00   1.9252E-02  2.2889E+02  3.8918E-06  3.8918E-06  6.8897E-06 -2.8487E+00  3.0150E+00
 46 9.3291E-03 3.1145E+01 2.2670E+02  0.00E+00   1.7844E-02  2.2664E+02  3.7987E-06  3.7987E-06  6.7044E-06 -2.5540E+00  2.7082E+00
 47 1.0569E-02 3.0308E+01 2.2461E+02  0.00E+00   1.9385E-02  2.2455E+02  3.7029E-06  3.7029E-06  6.4663E-06 -2.2547E+00  2.4222E+00
 48 1.1955E-02 2.9489E+01 2.2268E+02  0.00E+00   2.3637E-02  2.2262E+02  3.6150E-06  3.6150E-06  6.1719E-06 -1.9558E+00  2.1600E+00
 49 1.3505E-02 2.8686E+01 2.2088E+02  0.00E+00   2.7834E-02  2.2082E+02  3.5351E-06  3.5351E-06  5.8317E-06 -1.6857E+00  1.9262E+00
 50 1.5233E-02 2.7899E+01 2.1920E+02  0.00E+00   3.1536E-02  2.1914E+02  3.4523E-06  3.4523E-06  5.4636E-06 -1.4499E+00  1.7223E+00
 51 1.7158E-02 2.7128E+01 2.1762E+02  0.00E+00   3.3826E-02  2.1756E+02  3.3729E-06  3.3729E-06  5.0558E-06 -1.2505E+00  1.5428E+00
 52 1.9298E-02 2.6371E+01 2.1612E+02  0.00E+00   3.4983E-02  2.1607E+02  3.3032E-06  3.3032E-06  4.6388E-06 -1.0843E+00  1.3866E+00
 53 2.1674E-02 2.5629E+01 2.1471E+02  0.00E+00   3.4924E-02  2.1466E+02  3.2242E-06  3.2242E-06  4.2070E-06 -9.4443E-01  1.2462E+00
 54 2.4308E-02 2.4900E+01 2.1336E+02  0.00E+00   3.3789E-02  2.1331E+02  3.1630E-06  3.1630E-06  3.7713E-06 -8.2541E-01  1.1173E+00
 55 2.7223E-02 2.4186E+01 2.1209E+02  0.00E+00   3.1996E-02  2.1204E+02  3.0991E-06  3.0991E-06  3.3442E-06 -7.2082E-01  9.9726E-01
 56 3.0443E-02 2.3485E+01 2.1087E+02  0.00E+00   2.9555E-02  2.1083E+02  3.0362E-06  3.0362E-06  2.9295E-06 -6.2814E-01  8.8350E-01
 57 3.3996E-02 2.2796E+01 2.0973E+02  0.00E+00   2.6242E-02  2.0969E+02  2.9838E-06  2.9838E-06  2.5234E-06 -5.4742E-01  7.7415E-01
 58 3.7908E-02 2.2121E+01 2.0866E+02  0.00E+00   2.2446E-02  2.0862E+02  2.9227E-06  2.9227E-06  2.1356E-06 -4.7634E-01  6.7028E-01
 59 4.2211E-02 2.1458E+01 2.0766E+02  0.00E+00   1.8138E-02  2.0762E+02  2.8734E-06  2.8734E-06  1.7647E-06 -4.1576E-01  5.7247E-01
 60 4.6934E-02 2.0806E+01 2.0675E+02  0.00E+00   1.3696E-02  2.0672E+02  2.8309E-06  2.8309E-06  1.4203E-06 -3.6464E-01  4.8297E-01
 61 5.2110E-02 2.0167E+01 2.0594E+02  0.00E+00   9.1577E-03  2.0590E+02  2.7885E-06  2.7885E-06  1.1057E-06 -3.2393E-01  4.0305E-01
 62 5.7775E-02 1.9538E+01 2.0522E+02  0.00E+00   4.5155E-03  2.0519E+02  2.7518E-06  2.7518E-06  8.2547E-07 -2.9519E-01  3.3421E-01
 63 6.3963E-02 1.8921E+01 2.0463E+02  0.00E+00   7.9409E-04  2.0459E+02  2.7186E-06  2.7186E-06  6.0361E-07 -2.7323E-01  2.8009E-01
 64 7.0712E-02 1.8314E+01 2.0415E+02  0.00E+00  -1.6562E-03  2.0412E+02  2.7034E-06  2.7034E-06  4.4330E-07 -2.5501E-01  2.4071E-01
 65 7.8062E-02 1.7717E+01 2.0379E+02  0.00E+00  -2.7671E-03  2.0376E+02  2.6850E-06  2.6850E-06  3.3737E-07 -2.3771E-01  2.1380E-01
 66 8.6051E-02 1.7129E+01 2.0355E+02  0.00E+00  -3.1200E-03  2.0353E+02  2.6800E-06  2.6800E-06  2.6920E-07 -2.2276E-01  1.9580E-01
 67 9.4722E-02 1.6551E+01 2.0343E+02  0.00E+00  -2.9855E-03  2.0341E+02  2.6721E-06  2.6721E-06  2.2567E-07 -2.0932E-01  1.8352E-01
 68 1.0412E-01 1.5982E+01 2.0342E+02  0.00E+00  -2.4420E-03  2.0340E+02  2.6700E-06  2.6700E-06  1.9610E-07 -1.9501E-01  1.7391E-01
 69 1.1428E-01 1.5421E+01 2.0351E+02  0.00E+00  -1.5622E-03  2.0349E+02  2.6918E-06  2.6918E-06  1.7579E-07 -1.7936E-01  1.6586E-01
 70 1.2525E-01 1.4869E+01 2.0369E+02  0.00E+00  -1.2169E-03  2.0367E+02  2.8652E-06  2.8652E-06  1.5967E-07 -1.7093E-01  1.6041E-01
 71 1.3709E-01 1.4325E+01 2.0397E+02  0.00E+00  -1.7756E-03  2.0395E+02  3.3347E-06  3.3347E-06  1.4612E-07 -1.7318E-01  1.5784E-01
 72 1.4982E-01 1.3789E+01 2.0433E+02  0.00E+00  -1.9769E-03  2.0431E+02  4.0357E-06  4.0357E-06  1.3454E-07 -1.7395E-01  1.5687E-01
 73 1.6350E-01 1.3261E+01 2.0477E+02  0.00E+00   2.3080E-03  2.0475E+02  4.0143E-06  4.0143E-06  1.2369E-07 -1.3233E-01  1.5227E-01
 74 1.7818E-01 1.2740E+01 2.0530E+02  0.00E+00   7.9280E-03  2.0526E+02  4.0057E-06  4.0057E-06  1.1482E-07 -7.9388E-02  1.4789E-01
 75 1.9389E-01 1.2226E+01 2.0592E+02  0.00E+00  -7.5551E-03  2.0593E+02  4.0000E-06  4.0023E-06  1.0682E-07 -2.2160E-03  1.4384E-01
 76 2.1069E-01 1.1720E+01 2.0681E+02  0.00E+00  -7.5551E-03  2.0682E+02  4.0000E-06  4.0000E-06  9.9227E-08  5.5186E-02  1.4025E-01
 77 2.2861E-01 1.1218E+01 2.0923E+02  0.00E+00  -7.5551E-03  2.0923E+02  4.6211E-06  4.6260E-06  9.2588E-08 -7.1544E-02  1.4154E-01
 78 2.4770E-01 1.0716E+01 2.1418E+02  1.00E+00  -7.5551E-03  2.1419E+02  9.1737E-06  9.1830E-06  8.6497E-08 -4.4699E-01  1.6253E-01
 79 2.6800E-01 1.0212E+01 2.1912E+02  1.00E+00  -7.5551E-03  2.1913E+02  1.7612E-05  1.7629E-05  8.0945E-08 -8.9438E-01  1.9895E-01
 80 2.8955E-01 9.7063E+00 2.2402E+02  1.00E+00  -7.5551E-03  2.2403E+02  3.2680E-05  3.2710E-05  7.5890E-08 -1.3795E+00  2.5160E-01
 81 3.1238E-01 9.1989E+00 2.2885E+02  1.00E+00  -7.5551E-03  2.2885E+02  5.8536E-05  5.8588E-05  7.1376E-08 -1.8396E+00  3.1941E-01
 82 3.3652E-01 8.6907E+00 2.3356E+02  1.00E+00  -7.5551E-03  2.3357E+02  1.0106E-04  1.0115E-04  6.7255E-08 -2.2106E+00  3.9625E-01
 83 3.6202E-01 8.1823E+00 2.3813E+02  1.00E+00  -7.5551E-03  2.3813E+02  1.6794E-04  1.6808E-04  6.3510E-08 -2.4442E+00  4.7455E-01
 84 3.8888E-01 7.6746E+00 2.4250E+02  1.00E+00  -7.5551E-03  2.4251E+02  2.6834E-04  2.6855E-04  6.0045E-08 -2.5728E+00  5.5663E-01
 85 4.1714E-01 7.1683E+00 2.4665E+02  1.00E+00  -7.5551E-03  2.4666E+02  4.1224E-04  4.1256E-04  5.6764E-08 -2.5971E+00  6.4012E-01
 86 4.4681E-01 6.6643E+00 2.5056E+02  1.00E+00  -7.5551E-03  2.5057E+02  6.0959E-04  6.1004E-04  5.3594E-08 -2.5518E+00  7.0707E-01
 87 4.7791E-01 6.1633E+00 2.5422E+02  1.00E+00  -7.5551E-03  2.5422E+02  8.6952E-04  8.7014E-04  5.0538E-08 -2.4787E+00  7.4910E-01
 88 5.1043E-01 5.6662E+00 2.5762E+02  1.00E+00  -7.5551E-03  2.5763E+02  1.1999E-03  1.2008E-03  4.7600E-08 -2.4070E+00  7.7575E-01
 89 5.4439E-01 5.1736E+00 2.6080E+02  1.00E+00  -7.5551E-03  2.6081E+02  1.6073E-03  1.6084E-03  4.4782E-08 -2.3053E+00  7.9531E-01
 90 5.7977E-01 4.6864E+00 2.6375E+02  1.00E+00  -7.5551E-03  2.6376E+02  2.0968E-03  2.0982E-03  4.2085E-08 -2.1940E+00  8.0652E-01
 91 6.1656E-01 4.2051E+00 2.6651E+02  1.00E+00  -7.5551E-03  2.6652E+02  2.6727E-03  2.6744E-03  3.9512E-08 -2.0752E+00  8.0664E-01
 92 6.5475E-01 3.7302E+00 2.6909E+02  1.00E+00  -7.5551E-03  2.6909E+02  3.3381E-03  3.3403E-03  3.7072E-08 -1.9264E+00  7.9825E-01
 93 6.9430E-01 3.2622E+00 2.7161E+02  1.00E+00  -7.5551E-03  2.7162E+02  4.1330E-03  4.1356E-03  3.4929E-08 -1.7868E+00  7.9040E-01
 94 7.3519E-01 2.8014E+00 2.7416E+02  1.00E+00  -7.5551E-03  2.7417E+02  5.1143E-03  5.1173E-03  3.2992E-08 -1.6673E+00  7.8477E-01
 95 7.7737E-01 2.3478E+00 2.7659E+02  1.00E+00  -7.5551E-03  2.7660E+02  6.1037E-03  6.1067E-03  3.1415E-08 -1.5333E+00  7.6123E-01
 96 8.2078E-01 1.9021E+00 2.7890E+02  1.00E+00  -7.5551E-03  2.7891E+02  7.1529E-03  7.1571E-03  3.0184E-08 -1.4667E+00  7.3305E-01
 97 8.6538E-01 1.4645E+00 2.8110E+02  1.00E+00  -7.5551E-03  2.8111E+02  8.3746E-03  8.3788E-03  2.9222E-08 -1.4995E+00  7.1229E-01
 98 9.1109E-01 1.0353E+00 2.8320E+02  1.00E+00  -7.5551E-03  2.8321E+02  9.5537E-03  9.5593E-03  2.8584E-08 -1.5899E+00  6.9252E-01
 99 9.5784E-01 6.1497E-01 2.8521E+02  1.00E+00  -7.5551E-03  2.8522E+02  1.1049E-02  1.1054E-02  2.8218E-08 -1.8431E+00  6.9639E-01
100 1.0055E+00 2.0369E-01 2.8714E+02  1.00E+00  -7.5551E-03  2.8715E+02  1.2490E-02  1.2496E-02  2.7972E-08 -2.0399E+00  7.0984E-01
101 1.0299E+00 0.0000E+00 2.8807E+02  1.00E+00  -7.5551E-03  2.8808E+02  1.3191E-02  1.3196E-02  2.8000E-08  0.0000E+00  0.0000E+00
  J     P         ALT         T        CONVEC       DT          TOLD        FH20       FSAVE        FO3        TCOOL       THEAT

 FCO2
  3.77E-04 3.78E-04 3.79E-04 3.79E-04 3.82E-04 3.82E-04 3.82E-04 3.82E-04 3.82E-04 3.82E-04
  3.82E-04 3.82E-04 3.83E-04 3.83E-04 3.83E-04 3.83E-04 3.84E-04 3.84E-04 3.84E-04 3.84E-04
  3.84E-04 3.84E-04 3.84E-04 3.84E-04 3.84E-04 3.84E-04 3.84E-04 3.84E-04 3.84E-04 3.84E-04
  3.84E-04 3.84E-04 3.84E-04 3.84E-04 3.84E-04 3.84E-04 3.84E-04 3.84E-04 3.84E-04 3.84E-04
  3.84E-04 3.84E-04 3.84E-04 3.84E-04 3.84E-04 3.84E-04 3.84E-04 3.84E-04 3.84E-04 3.84E-04
  3.84E-04 3.84E-04 3.84E-04 3.84E-04 3.84E-04 3.84E-04 3.84E-04 3.84E-04 3.84E-04 3.84E-04
  3.84E-04 3.84E-04 3.84E-04 3.84E-04 3.84E-04 3.84E-04 3.84E-04 3.84E-04 3.84E-04 3.84E-04
  3.84E-04 3.84E-04 3.84E-04 3.84E-04 3.84E-04 3.84E-04 3.84E-04 3.84E-04 3.84E-04 3.84E-04
  3.84E-04 3.84E-04 3.84E-04 3.84E-04 3.84E-04 3.84E-04 3.84E-04 3.84E-04 3.84E-04 3.84E-04
  3.84E-04 3.84E-04 3.84E-04 3.84E-04 3.84E-04 3.84E-04 3.84E-04 3.84E-04 3.84E-04 3.84E-04
  3.84E-04

  J    PF         ALT       FTOTAL       FTIR       FDNIR       FUPIR       FTSOL       FDNSOL       FUPSOL       DIVF
  1 7.0000E-06 8.1544E+01 -7.0403E+01 -2.6845E+05  0.0000E+00  2.6845E+05  2.6838E+05  3.4178E+05  7.3396E+04 -2.6225E-04
  2 8.4656E-06 8.0380E+01 -7.0308E+01 -2.6843E+05  1.6326E+01  2.6845E+05  2.6836E+05  3.4176E+05  7.3396E+04 -2.6190E-04
  3 1.0223E-05 7.9274E+01 -6.6211E+01 -2.6842E+05  2.8250E+01  2.6845E+05  2.6836E+05  3.4175E+05  7.3396E+04 -2.4664E-04
  4 1.2328E-05 7.8195E+01 -6.3437E+01 -2.6842E+05  3.8268E+01  2.6846E+05  2.6836E+05  3.4175E+05  7.3395E+04 -2.3630E-04
  5 1.4845E-05 7.7120E+01 -6.1939E+01 -2.6842E+05  4.7641E+01  2.6846E+05  2.6835E+05  3.4175E+05  7.3395E+04 -2.3072E-04
  6 1.7851E-05 7.6037E+01 -6.1181E+01 -2.6841E+05  5.7717E+01  2.6847E+05  2.6835E+05  3.4175E+05  7.3395E+04 -2.2789E-04
  7 2.1433E-05 7.4942E+01 -6.0733E+01 -2.6841E+05  6.9097E+01  2.6848E+05  2.6835E+05  3.4174E+05  7.3395E+04 -2.2621E-04
  8 2.5698E-05 7.3833E+01 -6.0399E+01 -2.6841E+05  8.2156E+01  2.6849E+05  2.6835E+05  3.4174E+05  7.3395E+04 -2.2496E-04
  9 3.0768E-05 7.2707E+01 -6.0254E+01 -2.6840E+05  9.6906E+01  2.6850E+05  2.6834E+05  3.4174E+05  7.3395E+04 -2.2441E-04
 10 3.6785E-05 7.1565E+01 -6.0161E+01 -2.6840E+05  1.1364E+02  2.6851E+05  2.6834E+05  3.4173E+05  7.3395E+04 -2.2405E-04
 11 4.3915E-05 7.0406E+01 -6.0301E+01 -2.6839E+05  1.3225E+02  2.6853E+05  2.6833E+05  3.4173E+05  7.3395E+04 -2.2456E-04
 12 5.2351E-05 6.9232E+01 -6.0654E+01 -2.6839E+05  1.5284E+02  2.6854E+05  2.6833E+05  3.4172E+05  7.3394E+04 -2.2587E-04
 13 6.2320E-05 6.8043E+01 -6.1365E+01 -2.6838E+05  1.7536E+02  2.6856E+05  2.6832E+05  3.4171E+05  7.3394E+04 -2.2850E-04
 14 7.4079E-05 6.6840E+01 -6.2494E+01 -2.6837E+05  1.9994E+02  2.6857E+05  2.6831E+05  3.4170E+05  7.3394E+04 -2.3269E-04
 15 8.7931E-05 6.5627E+01 -6.4063E+01 -2.6836E+05  2.2673E+02  2.6859E+05  2.6830E+05  3.4169E+05  7.3393E+04 -2.3852E-04
 16 1.0422E-04 6.4405E+01 -6.6102E+01 -2.6835E+05  2.5607E+02  2.6860E+05  2.6828E+05  3.4167E+05  7.3393E+04 -2.4610E-04
 17 1.2336E-04 6.3176E+01 -6.8550E+01 -2.6833E+05  2.8871E+02  2.6862E+05  2.6826E+05  3.4165E+05  7.3393E+04 -2.5520E-04
 18 1.4580E-04 6.1942E+01 -7.1223E+01 -2.6830E+05  3.2564E+02  2.6863E+05  2.6823E+05  3.4163E+05  7.3392E+04 -2.6513E-04
 19 1.7207E-04 6.0706E+01 -7.3988E+01 -2.6828E+05  3.6812E+02  2.6864E+05  2.6820E+05  3.4159E+05  7.3392E+04 -2.7541E-04
 20 2.0278E-04 5.9469E+01 -7.6790E+01 -2.6824E+05  4.1742E+02  2.6866E+05  2.6816E+05  3.4155E+05  7.3391E+04 -2.8583E-04
 21 2.3863E-04 5.8232E+01 -7.9770E+01 -2.6819E+05  4.7489E+02  2.6867E+05  2.6811E+05  3.4150E+05  7.3390E+04 -2.9691E-04
 22 2.8042E-04 5.6998E+01 -8.2761E+01 -2.6814E+05  5.4205E+02  2.6868E+05  2.6805E+05  3.4144E+05  7.3389E+04 -3.0803E-04
 23 3.2906E-04 5.5766E+01 -8.5950E+01 -2.6807E+05  6.2041E+02  2.6869E+05  2.6798E+05  3.4137E+05  7.3389E+04 -3.1989E-04
 24 3.8557E-04 5.4537E+01 -8.9656E+01 -2.6798E+05  7.1130E+02  2.6869E+05  2.6789E+05  3.4128E+05  7.3388E+04 -3.3368E-04
 25 4.5114E-04 5.3313E+01 -9.4239E+01 -2.6788E+05  8.1570E+02  2.6869E+05  2.6778E+05  3.4117E+05  7.3387E+04 -3.5073E-04
 26 5.2711E-04 5.2095E+01 -1.0025E+02 -2.6776E+05  9.3394E+02  2.6869E+05  2.6766E+05  3.4104E+05  7.3386E+04 -3.7310E-04
 27 6.1498E-04 5.0884E+01 -1.0884E+02 -2.6761E+05  1.0654E+03  2.6868E+05  2.6751E+05  3.4089E+05  7.3385E+04 -4.0508E-04
 28 7.1647E-04 4.9681E+01 -1.2111E+02 -2.6745E+05  1.2083E+03  2.6866E+05  2.6733E+05  3.4072E+05  7.3384E+04 -4.5078E-04
 29 8.3351E-04 4.8489E+01 -1.3807E+02 -2.6727E+05  1.3595E+03  2.6863E+05  2.6713E+05  3.4052E+05  7.3383E+04 -5.1399E-04
 30 9.6828E-04 4.7310E+01 -1.6061E+02 -2.6708E+05  1.5149E+03  2.6859E+05  2.6691E+05  3.4030E+05  7.3383E+04 -5.9797E-04
 31 1.1232E-03 4.6145E+01 -1.8789E+02 -2.6686E+05  1.6713E+03  2.6854E+05  2.6668E+05  3.4006E+05  7.3383E+04 -6.9969E-04
 32 1.3011E-03 4.4997E+01 -2.1700E+02 -2.6664E+05  1.8272E+03  2.6847E+05  2.6642E+05  3.3981E+05  7.3383E+04 -8.0829E-04
 33 1.5050E-03 4.3868E+01 -2.4595E+02 -2.6641E+05  1.9812E+03  2.6839E+05  2.6616E+05  3.3954E+05  7.3383E+04 -9.1640E-04
 34 1.7383E-03 4.2760E+01 -2.7319E+02 -2.6616E+05  2.1328E+03  2.6830E+05  2.6589E+05  3.3928E+05  7.3384E+04 -1.0182E-03
 35 2.0049E-03 4.1673E+01 -2.9820E+02 -2.6591E+05  2.2826E+03  2.6820E+05  2.6562E+05  3.3900E+05  7.3385E+04 -1.1119E-03
 36 2.3091E-03 4.0608E+01 -3.2144E+02 -2.6566E+05  2.4309E+03  2.6809E+05  2.6534E+05  3.3872E+05  7.3387E+04 -1.1990E-03
 37 2.6556E-03 3.9565E+01 -3.4439E+02 -2.6539E+05  2.5784E+03  2.6797E+05  2.6505E+05  3.3844E+05  7.3389E+04 -1.2852E-03
 38 3.0498E-03 3.8544E+01 -3.6833E+02 -2.6512E+05  2.7262E+03  2.6785E+05  2.6476E+05  3.3815E+05  7.3392E+04 -1.3751E-03
 39 3.4974E-03 3.7545E+01 -3.9447E+02 -2.6485E+05  2.8764E+03  2.6772E+05  2.6445E+05  3.3785E+05  7.3395E+04 -1.4734E-03
 40 4.0049E-03 3.6568E+01 -4.2216E+02 -2.6456E+05  3.0322E+03  2.6759E+05  2.6414E+05  3.3754E+05  7.3400E+04 -1.5776E-03
 41 4.5795E-03 3.5613E+01 -4.5014E+02 -2.6426E+05  3.1975E+03  2.6746E+05  2.6381E+05  3.3722E+05  7.3405E+04 -1.6830E-03
 42 5.2291E-03 3.4679E+01 -4.7702E+02 -2.6395E+05  3.3755E+03  2.6732E+05  2.6347E+05  3.3688E+05  7.3411E+04 -1.7844E-03
 43 5.9622E-03 3.3766E+01 -5.0181E+02 -2.6362E+05  3.5683E+03  2.6719E+05  2.6312E+05  3.3654E+05  7.3418E+04 -1.8781E-03
 44 6.7883E-03 3.2873E+01 -5.2444E+02 -2.6328E+05  3.7760E+03  2.6706E+05  2.6276E+05  3.3619E+05  7.3426E+04 -1.9637E-03
 45 7.7178E-03 3.2000E+01 -5.4551E+02 -2.6294E+05  3.9976E+03  2.6694E+05  2.6239E+05  3.3583E+05  7.3435E+04 -2.0436E-03
 46 8.7619E-03 3.1145E+01 -5.6612E+02 -2.6258E+05  4.2305E+03  2.6682E+05  2.6202E+05  3.3546E+05  7.3445E+04 -2.1218E-03
 47 9.9331E-03 3.0308E+01 -5.8753E+02 -2.6223E+05  4.4716E+03  2.6670E+05  2.6164E+05  3.3510E+05  7.3455E+04 -2.2030E-03
 48 1.1245E-02 2.9489E+01 -6.1358E+02 -2.6188E+05  4.7180E+03  2.6660E+05  2.6127E+05  3.3473E+05  7.3466E+04 -2.3015E-03
 49 1.2711E-02 2.8686E+01 -6.4907E+02 -2.6154E+05  4.9677E+03  2.6651E+05  2.6089E+05  3.3437E+05  7.3476E+04 -2.4355E-03
 50 1.4348E-02 2.7899E+01 -6.9570E+02 -2.6121E+05  5.2197E+03  2.6643E+05  2.6052E+05  3.3400E+05  7.3485E+04 -2.6112E-03
 51 1.6173E-02 2.7128E+01 -7.5458E+02 -2.6090E+05  5.4749E+03  2.6637E+05  2.6014E+05  3.3364E+05  7.3493E+04 -2.8328E-03
 52 1.8203E-02 2.6371E+01 -8.2482E+02 -2.6060E+05  5.7356E+03  2.6633E+05  2.5977E+05  3.3327E+05  7.3498E+04 -3.0970E-03
 53 2.0459E-02 2.5629E+01 -9.0552E+02 -2.6031E+05  6.0050E+03  2.6631E+05  2.5940E+05  3.3290E+05  7.3500E+04 -3.4002E-03
 54 2.2962E-02 2.4900E+01 -9.9485E+02 -2.6003E+05  6.2859E+03  2.6632E+05  2.5903E+05  3.3253E+05  7.3498E+04 -3.7356E-03
 55 2.5734E-02 2.4186E+01 -1.0905E+03 -2.5976E+05  6.5805E+03  2.6634E+05  2.5867E+05  3.3216E+05  7.3491E+04 -4.0946E-03
 56 2.8798E-02 2.3485E+01 -1.1907E+03 -2.5950E+05  6.8900E+03  2.6639E+05  2.5831E+05  3.3178E+05  7.3477E+04 -4.4698E-03
 57 3.2182E-02 2.2796E+01 -1.2928E+03 -2.5925E+05  7.2148E+03  2.6646E+05  2.5795E+05  3.3141E+05  7.3456E+04 -4.8519E-03
 58 3.5912E-02 2.2121E+01 -1.3927E+03 -2.5901E+05  7.5548E+03  2.6656E+05  2.5761E+05  3.3104E+05  7.3427E+04 -5.2249E-03
 59 4.0016E-02 2.1458E+01 -1.4868E+03 -2.5877E+05  7.9088E+03  2.6668E+05  2.5729E+05  3.3067E+05  7.3387E+04 -5.5750E-03
 60 4.4526E-02 2.0806E+01 -1.5702E+03 -2.5855E+05  8.2747E+03  2.6683E+05  2.5698E+05  3.3032E+05  7.3336E+04 -5.8848E-03
 61 4.9472E-02 2.0167E+01 -1.6393E+03 -2.5834E+05  8.6492E+03  2.6699E+05  2.5670E+05  3.2997E+05  7.3272E+04 -6.1400E-03
 62 5.4889E-02 1.9538E+01 -1.6899E+03 -2.5813E+05  9.0289E+03  2.6716E+05  2.5644E+05  3.2964E+05  7.3195E+04 -6.3254E-03
 63 6.0812E-02 1.8921E+01 -1.7172E+03 -2.5793E+05  9.4115E+03  2.6734E+05  2.5621E+05  3.2931E+05  7.3103E+04 -6.4232E-03
 64 6.7277E-02 1.8314E+01 -1.7224E+03 -2.5772E+05  9.7981E+03  2.6752E+05  2.5600E+05  3.2899E+05  7.2996E+04 -6.4385E-03
 65 7.4323E-02 1.7717E+01 -1.7105E+03 -2.5751E+05  1.0193E+04  2.6770E+05  2.5580E+05  3.2867E+05  7.2875E+04 -6.3897E-03
 66 8.1989E-02 1.7129E+01 -1.6889E+03 -2.5729E+05  1.0605E+04  2.6790E+05  2.5560E+05  3.2834E+05  7.2740E+04 -6.3043E-03
 67 9.0315E-02 1.6551E+01 -1.6624E+03 -2.5707E+05  1.1042E+04  2.6811E+05  2.5541E+05  3.2800E+05  7.2592E+04 -6.2005E-03
 68 9.9344E-02 1.5982E+01 -1.6350E+03 -2.5685E+05  1.1513E+04  2.6836E+05  2.5522E+05  3.2765E+05  7.2430E+04 -6.0924E-03
 69 1.0912E-01 1.5421E+01 -1.6107E+03 -2.5663E+05  1.2023E+04  2.6865E+05  2.5501E+05  3.2727E+05  7.2254E+04 -5.9955E-03
 70 1.1968E-01 1.4869E+01 -1.5939E+03 -2.5640E+05  1.2571E+04  2.6897E+05  2.5481E+05  3.2687E+05  7.2065E+04 -5.9258E-03
 71 1.3108E-01 1.4325E+01 -1.5798E+03 -2.5617E+05  1.3175E+04  2.6935E+05  2.5459E+05  3.2645E+05  7.1861E+04 -5.8651E-03
 72 1.4336E-01 1.3789E+01 -1.5576E+03 -2.5592E+05  1.3864E+04  2.6979E+05  2.5436E+05  3.2601E+05  7.1642E+04 -5.7733E-03
 73 1.5657E-01 1.3261E+01 -1.5310E+03 -2.5565E+05  1.4655E+04  2.7031E+05  2.5412E+05  3.2553E+05  7.1408E+04 -5.6639E-03
 74 1.7074E-01 1.2740E+01 -1.5643E+03 -2.5543E+05  1.5486E+04  2.7092E+05  2.5387E+05  3.2502E+05  7.1158E+04 -5.7741E-03
 75 1.8593E-01 1.2226E+01 -1.6868E+03 -2.5529E+05  1.6364E+04  2.7165E+05  2.5360E+05  3.2449E+05  7.0891E+04 -6.2095E-03
 76 2.0219E-01 1.1720E+01 -1.9578E+03 -2.5528E+05  1.7311E+04  2.7260E+05  2.5333E+05  3.2393E+05  7.0607E+04 -7.1822E-03
 77 2.1954E-01 1.1218E+01 -2.3572E+03 -2.5540E+05  1.8536E+04  2.7393E+05  2.5304E+05  3.2335E+05  7.0305E+04 -8.6049E-03
 78 2.3805E-01 1.0716E+01 -2.5097E+03 -2.5524E+05  2.0484E+04  2.7573E+05  2.5273E+05  3.2272E+05  6.9985E+04 -9.1021E-03
 79 2.5774E-01 1.0212E+01 -1.8500E+03 -2.5420E+05  2.3555E+04  2.7776E+05  2.5235E+05  3.2200E+05  6.9648E+04 -6.6604E-03
 80 2.7866E-01 9.7063E+00 -1.3633E+02 -2.5200E+05  2.8089E+04  2.8009E+05  2.5186E+05  3.2116E+05  6.9291E+04 -4.8674E-04
 81 3.0085E-01 9.1989E+00  2.8119E+03 -2.4840E+05  3.4366E+04  2.8276E+05  2.5121E+05  3.2012E+05  6.8916E+04  9.9443E-03
 82 3.2434E-01 8.6907E+00  7.0193E+03 -2.4330E+05  4.2507E+04  2.8581E+05  2.5032E+05  3.1884E+05  6.8521E+04  2.4559E-02
 83 3.4916E-01 8.1823E+00  1.2327E+04 -2.3684E+05  5.2425E+04  2.8926E+05  2.4916E+05  3.1727E+05  6.8108E+04  4.2614E-02
 84 3.7534E-01 7.6746E+00  1.8406E+04 -2.2929E+05  6.3828E+04  2.9312E+05  2.4770E+05  3.1537E+05  6.7675E+04  6.2791E-02
 85 4.0291E-01 7.1683E+00  2.4958E+04 -2.2093E+05  7.6441E+04  2.9737E+05  2.4589E+05  3.1311E+05  6.7224E+04  8.3930E-02
 86 4.3188E-01 6.6643E+00  3.1644E+04 -2.1206E+05  8.9925E+04  3.0198E+05  2.4370E+05  3.1046E+05  6.6756E+04  1.0479E-01
 87 4.6226E-01 6.1633E+00  3.8256E+04 -2.0291E+05  1.0400E+05  3.0691E+05  2.4117E+05  3.0744E+05  6.6270E+04  1.2465E-01
 88 4.9408E-01 5.6662E+00  4.4749E+04 -1.9361E+05  1.1848E+05  3.1208E+05  2.3836E+05  3.0413E+05  6.5768E+04  1.4339E-01
 89 5.2732E-01 5.1736E+00  5.1149E+04 -1.8416E+05  1.3329E+05  3.1745E+05  2.3531E+05  3.0057E+05  6.5253E+04  1.6112E-01
 90 5.6200E-01 4.6864E+00  5.7329E+04 -1.7473E+05  1.4826E+05  3.2299E+05  2.3206E+05  2.9679E+05  6.4727E+04  1.7750E-01
 91 5.9809E-01 4.2051E+00  6.3242E+04 -1.6538E+05  1.6328E+05  3.2866E+05  2.2862E+05  2.9281E+05  6.4192E+04  1.9242E-01
 92 6.3559E-01 3.7302E+00  6.8859E+04 -1.5619E+05  1.7829E+05  3.3448E+05  2.2505E+05  2.8870E+05  6.3653E+04  2.0587E-01
 93 6.7448E-01 3.2622E+00  7.4040E+04 -1.4734E+05  1.9327E+05  3.4061E+05  2.2138E+05  2.8450E+05  6.3114E+04  2.1737E-01
 94 7.1471E-01 2.8014E+00  7.8776E+04 -1.3885E+05  2.0827E+05  3.4712E+05  2.1763E+05  2.8021E+05  6.2582E+04  2.2694E-01
 95 7.5625E-01 2.3478E+00  8.3109E+04 -1.3066E+05  2.2311E+05  3.5377E+05  2.1377E+05  2.7584E+05  6.2066E+04  2.3492E-01
 96 7.9907E-01 1.9021E+00  8.7016E+04 -1.2290E+05  2.3755E+05  3.6046E+05  2.0992E+05  2.7150E+05  6.1576E+04  2.4141E-01
 97 8.4309E-01 1.4645E+00  9.0835E+04 -1.1527E+05  2.5187E+05  3.6714E+05  2.0611E+05  2.6723E+05  6.1122E+04  2.4741E-01
 98 8.8826E-01 1.0353E+00  9.5041E+04 -1.0726E+05  2.6649E+05  3.7375E+05  2.0230E+05  2.6302E+05  6.0723E+04  2.5429E-01
 99 9.3451E-01 6.1497E-01  9.9951E+04 -9.8559E+04  2.8155E+05  3.8011E+05  1.9851E+05  2.5891E+05  6.0400E+04  2.6295E-01
100 9.8176E-01 2.0369E-01  1.0636E+05 -8.8254E+04  2.9758E+05  3.8584E+05  1.9462E+05  2.5481E+05  6.0198E+04  2.7567E-01
101 1.0299E+00 0.0000E+00  1.1395E+05 -7.6624E+04  3.1184E+05  3.8847E+05  1.9057E+05  2.5075E+05  6.0180E+04  2.9332E-01

  I    WAVLL      WAVLU       FSOL        FSOD     FDNSOL(1)   FUPSOL(1)   FDNSOL(2)   FUPSOL(2)   PDNSOL(1)   PDNSOL(2)     PATTEN    PDNSOD(2)             
  #    mu.m       mu.m     erg/cm2/s   W/m2/mu.m   erg/cm2/s   erg/cm2/s   erg/cm2/s   erg/cm2/s   mumol/m2/s  mumol/m2/s   fraction   mol/m2/s/m            
  1  0.2376000  0.2750000  4.1962E+03  1.1220E+02  1.0545E+03  1.1825E+00  6.0200E-25  1.4448E-25  2.2593E+00  1.2898E-27  0.00000000  3.4486E-26
  2  0.2750000  0.2850000  2.5238E+03  2.5238E+02  6.3425E+02  8.5629E-01  9.3068E-10  2.2336E-10  1.4845E+00  2.1784E-12  0.00000000  2.1784E-10
  3  0.2850000  0.3071000  1.2112E+04  5.4807E+02  3.0439E+03  9.6619E+00  2.2587E+00  5.4208E-01  7.5330E+00  5.5896E-03  0.00074202  2.5292E-01
  4  0.3071000  0.3292000  1.8868E+04  8.5378E+02  4.7418E+03  1.1418E+03  2.0003E+03  4.8007E+02  1.2611E+01  5.3198E+00  0.42184281  2.4072E+02
  5  0.3292000  0.3412000  1.2883E+04  1.0736E+03  3.2375E+03  1.4906E+03  2.1394E+03  5.1346E+02  9.0717E+00  5.9948E+00  0.66082282  4.9956E+02
  6  0.3412000  0.3900000  5.3687E+04  1.1001E+03  1.3492E+04  5.8090E+03  1.0065E+04  2.4156E+03  4.1233E+01  3.0760E+01  0.74599390  6.3033E+02
  7  0.3900000  0.4500000  9.4384E+04  1.5731E+03  2.3720E+04  8.6869E+03  1.9749E+04  4.7397E+03  8.3277E+01  6.9336E+01  0.83259244  1.1556E+03
  8  0.4500000  0.5400000  1.7282E+05  1.9202E+03  4.3431E+04  1.3288E+04  3.8680E+04  9.2832E+03  1.7971E+02  1.6005E+02  0.89061011  1.7784E+03
  9  0.5400000  0.5495000  1.6903E+04  1.7793E+03  4.2479E+03  1.1550E+03  3.8028E+03  9.1267E+02  1.9344E+01  1.7317E+01  0.89521094  1.8228E+03
 10  0.5495000  0.5666000  2.9769E+04  1.7409E+03  7.4813E+03  1.9908E+03  6.7245E+03  1.6139E+03  3.4899E+01  3.1369E+01  0.89884782  1.8345E+03
 11  0.5666000  0.6050000  6.5276E+04  1.6999E+03  1.6404E+04  4.0252E+03  1.4443E+04  3.4663E+03  8.0330E+01  7.0725E+01  0.88042791  1.8418E+03
 12  0.6050000  0.6250000  3.2769E+04  1.6384E+03  8.2351E+03  2.0416E+03  7.4775E+03  1.7946E+03  4.2336E+01  3.8442E+01  0.90800636  1.9221E+03
 13  0.6250000  0.6667000  6.4941E+04  1.5573E+03  1.6320E+04  4.0203E+03  1.4997E+04  3.5993E+03  8.8110E+01  8.0966E+01  0.91891633  1.9416E+03
 14  0.6667000  0.6910000  3.4831E+04  1.4334E+03  8.7533E+03  2.2273E+03  8.3305E+03  1.9993E+03  4.9673E+01  4.7273E+01  0.95169548  1.9454E+03
 15  0.6910000  0.7520000  8.1260E+04  1.3321E+03  2.0421E+04  4.4722E+03  1.7814E+04  4.2753E+03  1.2317E+02  1.0744E+02  0.87230273  1.7613E+03
 16  0.7520000  0.7840000  3.8562E+04  1.2051E+03  9.6910E+03  1.0014E+03  5.9228E+03  1.4215E+03  6.2215E+01  3.8024E+01  0.61116271  1.1882E+03
 17  0.7840000  0.8420000  6.3344E+04  1.0921E+03  1.5919E+04  3.3636E+03  1.3941E+04  3.3459E+03  1.0819E+02  9.4746E+01  0.87577103  1.6335E+03
 18  0.8420000  0.8910000  4.7526E+04  9.6992E+02  1.1944E+04  2.9331E+03  1.1704E+04  2.8089E+03  8.6513E+01  8.4775E+01  0.97991034  1.7301E+03
 19  0.8910000  0.9620000  6.1906E+04  8.7191E+02  1.5557E+04  1.6286E+03  8.2766E+03  1.9864E+03  1.2049E+02  6.4101E+01  0.53200117  9.0283E+02
 20  0.9620000  1.0360000  5.6411E+04  7.6231E+02  1.4177E+04  2.9085E+03  1.2482E+04  2.9957E+03  1.1839E+02  1.0424E+02  0.88048529  1.4086E+03
 21  1.0360000  1.0700000  2.2896E+04  6.7340E+02  5.7539E+03  1.3994E+03  5.7089E+03  1.3701E+03  5.0648E+01  5.0252E+01  0.99218285  1.4780E+03
 22  1.0700000  1.1300000  3.6422E+04  6.0703E+02  9.1531E+03  1.2356E+03  5.8319E+03  1.3996E+03  8.4165E+01  5.3625E+01  0.63714345  8.9375E+02
 23  1.1300000  1.2030000  3.8511E+04  5.2755E+02  9.6781E+03  9.7218E+02  5.1818E+03  1.2436E+03  9.4373E+01  5.0529E+01  0.53541496  6.9217E+02
 24  1.2030000  1.3070000  4.6021E+04  4.4251E+02  1.1565E+04  2.5189E+03  1.0785E+04  2.5884E+03  1.2133E+02  1.1314E+02  0.93251387  1.0879E+03
 25  1.3070000  1.4310000  4.4782E+04  3.6114E+02  1.1254E+04  1.3080E+01  2.9513E+01  7.0832E+00  1.2879E+02  3.3775E-01  0.00262248  2.7238E+00
 26  1.4310000  1.5650000  3.9378E+04  2.9387E+02  9.8961E+03  9.3869E+02  4.8655E+03  1.1677E+03  1.2392E+02  6.0927E+01  0.49166111  4.5468E+02
 27  1.5650000  1.6880000  2.9054E+04  2.3621E+02  7.3014E+03  1.6188E+03  6.9622E+03  1.6709E+03  9.9273E+01  9.4661E+01  0.95354081  7.6960E+02
 28  1.6880000  1.8620000  3.0474E+04  1.7514E+02  7.6583E+03  6.8931E+02  3.2503E+03  7.8008E+02  1.1363E+02  4.8228E+01  0.42442157  2.7717E+02
 29  1.8620000  2.0200000  1.9133E+04  1.2109E+02  4.8082E+03  3.3909E+01  4.0511E+02  9.7227E+01  7.8015E+01  6.5731E+00  0.08425458  4.1602E+01
 30  2.0200000  2.2030000  1.6607E+04  9.0751E+01  4.1736E+03  7.2000E+02  3.3911E+03  8.1387E+02  7.3666E+01  5.9855E+01  0.81251962  3.2708E+02
 31  2.2030000  2.4810000  1.8959E+04  6.8199E+01  4.7646E+03  5.7343E+02  3.0972E+03  7.4333E+02  9.3279E+01  6.0635E+01  0.65004184  2.1811E+02
 32  2.4810000  2.6600000  9.1532E+03  5.1135E+01  2.3003E+03  1.5864E-01  1.0894E-06  2.6145E-07  4.9427E+01  2.3408E-08  0.00000000  1.3077E-07
 33  2.6600000  2.9200000  1.0436E+04  4.0138E+01  2.6226E+03  7.4634E-02  2.4198E-05  5.8075E-06  6.1165E+01  5.6435E-07  0.00000001  2.1706E-06
 34  2.9200000  3.2390000  8.9682E+03  2.8114E+01  2.2538E+03  1.2007E+01  2.0793E+02  4.9903E+01  5.8018E+01  5.3526E+00  0.09225752  1.6779E+01
 35  3.2390000  3.5770000  5.9999E+03  1.7751E+01  1.5078E+03  1.0367E+02  6.8691E+02  1.6486E+02  4.2956E+01  1.9569E+01  0.45556242  5.7897E+01
 36  3.5770000  4.0100000  5.0851E+03  1.1744E+01  1.2779E+03  2.4501E+02  1.1356E+03  2.7254E+02  4.0524E+01  3.6010E+01  0.88860542  8.3164E+01
 37  4.0100000  4.1720000  1.4345E+03  8.8546E+00  3.6049E+02  4.2938E+01  2.3202E+02  5.5684E+01  1.2328E+01  7.9345E+00  0.64361862  4.8978E+01
 38  4.1720000  4.5450000  1.1709E+04  3.1390E+01  2.9425E+03  8.2908E+01  4.2791E+02  1.0270E+02  1.0721E+02  1.5591E+01  0.14542695  4.1798E+01

 UV  0.2376000  0.4000000  1.2000E+05  2.5839E+01  3.0157E+04  9.9010E+03  1.7498E+04  4.1996E+03  8.7246E+01  5.2948E+01  0.60688231  3.2604E+02
Vis  0.4000000  0.7000000  5.0795E+05  8.4127E+00  1.2765E+05  3.6647E+04  1.1354E+05  2.7250E+04  5.8215E+02  5.1989E+02  0.89306390  1.7330E+03
 IR  0.7000000  4.5450000  7.3204E+05  3.1501E+00  1.8397E+05  2.6848E+04  1.1971E+05  2.8731E+04  2.0342E+03  1.1613E+03  0.57088230  3.0202E+02
All  0.2376000  4.5450000  1.3600E+06  4.3805E+00  3.4178E+05  7.3396E+04  2.5075E+05  6.0180E+04  2.7035E+03  1.7341E+03  0.64141822  4.0259E+02

 PHOTOSYNTHETIC RATE ('Vis' Spectrum)

          PCOND               PIRATE                  PITRATE    
         fraction         mumol_O2/mg2/hr         mumol_O2/mg2/hr
          0.2000            8.2783E+01               7.3385E+01
          0.2500            7.9431E+01               7.0413E+01
          0.3000            7.6337E+01               6.7670E+01
          0.6000            6.1833E+01               5.4813E+01
          0.8000            5.4850E+01               4.8622E+01

Constants: PALPHA =  1.0000E-05, PBETA =  1.0000E-03, PGAMMA =  2.0000E+00
            PTOPT =  308.00 K  , PTMAX =  346.00 K

